0.8089278895287363,-0.4730605522571046,0.3463389236036702,0.043574458549008294,0.6085684276848009,-0.09571909586307815,-0.4519090537442026,0.7019974467582374,0.4671923828647565,0.5355118301469372,-0.04645365336272785,0.6674139167867691,0.5354671013017803,-0.43213410764485005,0.1144743891340477,-0.014105454458518615,0.9926995413475442,0.03527422565104195,0.5956243719428532,0.2544023873904064,-0.39301173151211843
0.8089127602166769,-0.473475519724489,0.3459031891570999,0.04280259701478019,0.6080149382423137,-0.0954769648132139,-0.4525539606311586,0.701906708814832,0.46693919742770923,0.5358559751706866,-0.046401852335550435,0.6675377781760645,0.5353687708809273,-0.431864479362811,0.11409221919669786,-0.014433784061259598,0.992725278000907,0.03565324409457761,0.5955371312863517,0.25426092875609607,-0.3930479333391055
0.8096681794909515,-0.47297721090051076,0.34503800051998,0.040972860356055935,0.6074850321900637,-0.09484226092264873,-0.45391597400140465,0.7017762047925316,0.46639182477702545,0.5365113217452764,-0.046307945401233785,0.667616109131531,0.5352155372705361,-0.4314452540385875,0.11325047149229532,-0.01547677656814763,0.9927929243272563,0.036014018098058216,0.5955123752561092,0.25390906569420957,-0.39315478167001117
0.8099374951415643,-0.4726086813932595,0.3450082637693451,0.04014456583891661,0.6075719999795296,-0.09439753550018867,-0.4542824029247884,0.7017681786875133,0.4659282495548706,0.5369266038880741,-0.04628295242920138,0.6678233198987924,0.5350418754908363,-0.43112663343561397,0.11285634817963437,-0.0160321459519816,0.992816845262829,0.036347307109270074,0.5957829910769625,0.2537719987439284,-0.39327174749379196
0.8103347039033808,-0.47138156864924063,0.34596504242058185,0.03827889510587166,0.6077634552842094,-0.09290901786606762,-0.4552706435609258,0.7017744135508728,0.4650465461360907,0.5376628829981928,-0.04650813539901621,0.6681512911539562,0.5347712902246436,-0.43053499412171886,0.1109353251752665,-0.01667829470867331,0.9929405701874199,0.038525474555805496,0.5956068400393629,0.2537160113804517,-0.3936006882038081
0.8094828173525486,-0.4707131645500826,0.34888271304264185,0.038046519817625024,0.6073564765426158,-0.09467331924452549,-0.45427259582298324,0.701919726857228,0.4639240065677141,0.5384163542251947,-0.046808574873452975,0.6687340930447587,0.5341405758753082,-0.42971468089663506,0.10940722615519162,-0.01724073909888723,0.9930793857676103,0.039065961446977084,0.5955517506152118,0.2535286021100981,-0.3937872859015904
0.8086092576824768,-0.4710720189915273,0.35036621698006426,0.038545237222239966,0.607470192015177,-0.09557562428854201,-0.4540610205191838,0.7019834352870373,0.46332104200451574,0.5388427277144621,-0.04691890245623549,0.6690238544285494,0.5339228502407242,-0.42937210474642307,0.10946111130399563,-0.018063458027545182,0.9930729716547387,0.0387046452639449,0.5956939632988937,0.25329226943876937,-0.3937784334097146
0.8080673200366413,-0.4718474526024456,0.3505917448733697,0.03837468160166872,0.6062681132821803,-0.09612673524444695,-0.4551847616191889,0.702033820515368,0.4621899953651222,0.5397490342230568,-0.04690312454689754,0.6695951647962782,0.5334280386839385,-0.42862924701416655,0.11063494917120859,-0.02006106044857487,0.992889104881572,0.039098430697831595,0.5960313820899642,0.2528849132974335,-0.39396685143191895
0.8081831939131104,-0.4724510468158403,0.34961784466368184,0.037380424445717736,0.6060728943734138,-0.09609405595639291,-0.45614704810439144,0.7020684240269217,0.46171834722576616,0.540113440924199,-0.04683552874136485,0.6699354469326875,0.5331628495137886,-0.42829664215556845,0.1101207064693393,-0.02082607390353849,0.9928295962880649,0.04158241680008452,0.5959482746068079,0.2527700422069604,-0.3940131483881419
0.8069792735326877,-0.47457126516810166,0.3497474379139749,0.0352604032593683,0.6051602908008997,-0.09662023850957904,-0.4575349797493874,0.7020362421887706,0.46073843524413405,0.5410030578750192,-0.046700110408170833,0.6705611816595586,0.532634596344787,-0.42759971030963395,0.10727971423116081,-0.021653801946221313,0.9930011870652697,0.04439389893577279,0.5955486715467748,0.2527327234702794,-0.39406426719753435
0.8053256356879473,-0.4754190767984559,0.35277564804335215,0.031251625037754444,0.6049603804151681,-0.09626898345197955,-0.45752033516644663,0.7021432950668719,0.45948525658854555,0.5419353146575406,-0.04662839153805829,0.6713004005646717,0.5321370925558433,-0.4268270431451857,0.10485886053027552,-0.022674967348589807,0.9931959048208526,0.04530297861201585,0.5954667199483324,0.2526022469284754,-0.3940570528478464
0.8038903230947562,-0.47642250840200234,0.3548548188799465,0.029325747053282336,0.6048113463295182,-0.0965849320389837,-0.45754377533401097,0.7021890554267438,0.45874627627104336,0.5424804462432152,-0.04687589881923094,0.6717208523843334,0.531970280333816,-0.426414414364616,0.10449178670055687,-0.023273994107432725,0.9932092505219612,0.04555406006073007,0.5959212987290047,0.25244826086894623,-0.39432359965460606
0.8009706586553674,-0.4791346215184725,0.3578257510484035,0.02892663689720661,0.6033343760110259,-0.09868367127543735,-0.4581517894122639,0.7023215828361921,0.4573866429250088,0.5434191971681959,-0.047301472549273964,0.6725016596346357,0.5315227455459401,-0.4256232009164648,0.1052090083085843,-0.024831144676120524,0.9930085614045076,0.04741809572461004,0.5960001650826349,0.2521941255045362,-0.3944729095858676
0.7997984562600455,-0.4798355784345047,0.3594866817098891,0.02914743051600805,0.6026721656475003,-0.09972557995016113,-0.45854937112765026,0.7023503087150258,0.45673598975376684,0.5439030966064975,-0.04759938038901362,0.6729098399575488,0.5313474541186257,-0.4252046766391152,0.10563749985123608,-0.02550681379012346,0.9928849834678658,0.048677825336305866,0.5959418654526208,0.25213599061124115,-0.39447354961257025
0.7990790237430436,-0.47885476263228133,0.3624435995043284,0.02838075574384847,0.6019883759373154,-0.10073727015233318,-0.45920242935404926,0.7023541334423375,0.45539898139921164,0.5450149837798435,-0.047635138631902926,0.673872830888766,0.5309282801641978,-0.42425753334944943,0.10560568947361211,-0.026924658186477192,0.9927336216543842,0.05101428789382704,0.5956441213733291,0.2518514651964935,-0.39456295010612225
0.7992195332054066,-0.47805670102078407,0.3632399904568081,0.02768822285728735,0.601407636508629,-0.10068757433050161,-0.4601493693809711,0.7024273559937567,0.4546118829441234,0.5455883181784021,-0.0475103410309938,0.6745519852333172,0.5305872111203059,-0.42379231203344825,0.10525339024560146,-0.027684886753251252,0.9927110870642003,0.05176841225187966,0.5958613988642916,0.251769529897343,-0.394562008418464
0.799420587849445,-0.47749184140830775,0.36354649906481196,0.027608117079400935,0.6000810790226417,-0.10138514190430835,-0.46294077595443694,0.7025150258815634,0.45324811253422553,0.546647252781404,-0.047069819644141,0.6756034137899432,0.5298991203985839,-0.4229083557815091,0.10359045032557891,-0.02904758853895112,0.9927014860449667,0.05448867593849575,0.5961144263249329,0.251600314017645,-0.39470760247822395
0.799016807192956,-0.4768549916751954,0.3654080967319113,0.025658947374863936,0.5991620628681842,-0.10146149198082041,-0.46503617092361244,0.702662067787519,0.45159698299360146,0.5478663122957199,-0.04656916678590633,0.6768803601973628,0.5291858786729677,-0.42188006519246074,0.10146636633616998,-0.03017139161715836,0.992680920340395,0.05812791087390639,0.5959419275739669,0.251349836311203,-0.3948134278357007
0.798193693266484,-0.4770111218300687,0.36705734910176446,0.024821767673047904,0.5986007074298936,-0.10195776745491315,-0.4659250801303326,0.7031816882019024,0.4505383828393781,0.5480844704248918,-0.046412199312964086,0.677239565889181,0.5285438657525732,-0.42151032021565343,0.10063162885529663,-0.030953346061726457,0.9926771881878376,0.059221328024634,0.5960269190661349,0.2512463880724942,-0.39490835734481927
0.7966735084770297,-0.4779675351316032,0.36916744978023613,0.023953084850949605,0.5968124552915958,-0.10322864901595355,-0.4682011481484079,0.7035674730378851,0.4486256504331119,0.5491705352578315,-0.04625537656509569,0.6787104857285446,0.5276418304971172,-0.4205386470389273,0.09848659534219284,-0.03277051965370034,0.9928272706338795,0.05933375316976732,0.5960745151930527,0.25101585739272547,-0.395044765851305
0.796048956179077,-0.4783038669819198,0.3701163105541029,0.023353519181547554,0.5959979194260328,-0.10379839296922551,-0.469447383991438,0.7034976732019019,0.44738182142902505,0.5502683532366364,-0.04631704956706879,0.6792432432519254,0.5274194461474668,-0.4195189909756881,0.09644424011295087,-0.03344628725383364,0.9929727698179963,0.059874308496602864,0.5963888793750529,0.2510547264971828,-0.39519763709358474
0.7947514939060921,-0.4788229247717806,0.3722763357586912,0.02256101684576028,0.5945918051523108,-0.10501052469831457,-0.4720256936672944,0.7038919022017538,0.44521941501408535,0.5514876001764766,-0.04666143333528301,0.6807231291758119,0.5269677514233579,-0.418382768996781,0.0891931728770721,-0.03492360930803223,0.9934402200690176,0.0624615767831937,0.5964624676220548,0.25087785227637754,-0.3958079088252986
0.7939146067656986,-0.478700804009742,0.37421438934760953,0.02255500409418007,0.5937191880898766,-0.10593554026622631,-0.4731524733916919,0.7043550430583788,0.4440681127646211,0.5518234891795646,-0.04667249011557263,0.6815438811906911,0.5267105022856157,-0.417909483244062,0.08654181427343775,-0.035605814822126575,0.9935825110198061,0.06353372434141662,0.5965293214417635,0.25080540015621056,-0.39599476307494563
0.7926174584983409,-0.47795417433677634,0.37794075583680653,0.021866796637475736,0.5927346304869041,-0.10706470014129363,-0.4752138577157564,0.7047005970032442,0.4418802609380781,0.5531654607888677,-0.046334399389728345,0.6831510415396144,0.526171550573306,-0.4168340430187884,0.0822751697881385,-0.03708563621538524,0.9936963158031162,0.06650627024684604,0.5969039165660895,0.2506628846086135,-0.3962724847145879
0.7923423951368971,-0.4763622726398964,0.38057899475319457,0.020788045283915247,0.5909328115312216,-0.10734419695880738,-0.47798369892061104,0.7049803290734012,0.43975817230260156,0.5545736762969306,-0.04542601755758079,0.6850144779006773,0.5252261341452689,-0.41574703801902857,0.08185024868576408,-0.03879641145918108,0.9934481259208058,0.06968641440343665,0.597074860456539,0.25050442176195037,-0.3962768328536441
0.7915975744453032,-0.47652567112384475,0.38194653655944727,0.02033243965993603,0.5899964734896076,-0.10806319382978656,-0.479361706093906,0.70507083458642,0.4388352398452878,0.5552313928614324,-0.044909362795436183,0.6859134410033821,0.5250025240341417,-0.41515668942196016,0.08334701100191093,-0.03985116617611369,0.9931706314279709,0.0712548747835311,0.5972081267351271,0.25044634788564873,-0.3962056686824185
0.7894453779525834,-0.4772758942891966,0.38553861653359556,0.018538908304201292,0.5882252667965261,-0.10908192254140116,-0.48190674679957557,0.7052706892316261,0.4366111813006023,0.5568116802396815,-0.04387122089368547,0.6875706401658935,0.5244439880740218,-0.4137666850264941,0.08357189708846526,-0.04199596615790352,0.9928492131670594,0.07417895090286851,0.5972654706797483,0.2502824420582547,-0.39623066285520986
0.7862790782321208,-0.47950182363291316,0.3892835314154156,0.017365034866082672,0.5859385080474478,-0.11152795171326452,-0.48454333626613433,0.7056945999685954,0.43384341823895634,0.5584903839813796,-0.043168403100340515,0.6893538826899837,0.5236713539574351,-0.41236505505849996,0.0825352917713276,-0.04408091579352661,0.9926552548169981,0.07668339819821803,0.5974741350779993,0.25027654620852546,-0.3964267553354663
0.7836760256701744,-0.48172738400516457,0.3917853729735591,0.017170783712759156,0.5848549612195775,-0.11372546086595905,-0.48543060559942014,0.7059923392351201,0.4323745411275307,0.5592624035190135,-0.04304227150391397,0.6902588968821886,0.5233626246296201,-0.41176978400834646,0.08166683349804844,-0.045067259133710666,0.9925834268193361,0.0779590358083054,0.5975781733407847,0.25024308423084235,-0.396501667121553
0.7790786469024611,-0.4851078720384925,0.39676895930069195,0.016769238574290992,0.5826526354192705,-0.11688850725278743,-0.4872570192345373,0.706455217784349,0.4293378705129828,0.5610110112041935,-0.04308901851160445,0.6920398450258539,0.5228414149214019,-0.4104512871415253,0.07848623463720202,-0.04687108875492117,0.992468436060199,0.0815439478785855,0.5976582185783931,0.2502207390520952,-0.39685081533792005
0.7764797974605788,-0.48704555151242096,0.3995251954854214,0.015664388270087613,0.5816364320687838,-0.11838050426274134,-0.48817194743874176,0.7067204777959444,0.42771202302668815,0.5619203521180917,-0.043059371776304596,0.6930492583230831,0.5223500528813017,-0.4098665825845905,0.07756828818735366,-0.04786719195363527,0.9923474690891173,0.08329701792129739,0.5977621802870626,0.25010588237292064,-0.3968681428917449
0.7758541643506636,-0.485725001556016,0.4025057776347569,0.010518435899968577,0.5807165407260991,-0.11753779745378984,-0.49106210657766786,0.7072465550535467,0.42480149815677354,0.5635030691839272,-0.042547485812267874,0.6949203772323077,0.5217168972030856,-0.40869321474536613,0.07621413117190376,-0.04998035494916441,0.9920932554340285,0.08628060530141721,0.5979808953983595,0.24999368649836506,-0.3970148420769464
0.7761406901121255,-0.4845774441191289,0.4033930824091945,0.008021899254864788,0.5804558325443323,-0.11683258989032802,-0.49310927768185975,0.7074041672371751,0.42340050996558076,0.5644010984503268,-0.0419851450447585,0.695682299153057,0.5212901727923441,-0.40788746125489356,0.0759679882479446,-0.05111259391086392,0.9919354465334608,0.08763810481592502,0.5981229306006807,0.2499191577588904,-0.39710064358186103
0.774632908834251,-0.4840343074814963,0.40697082983953214,0.005421198356265563,0.5790644316034236,-0.11753216166197915,-0.49616126764354934,0.7078611686816554,0.42067411015977196,0.5659429722628323,-0.04091956818242749,0.6975713124638481,0.5205771110344567,-0.40676353178781527,0.07584073484368148,-0.053411191284453735,0.9915206173879606,0.09100710345101294,0.5985920175866756,0.24972049321146264,-0.39696387862741866
0.7731928246154992,-0.48401928751765394,0.4097297208763372,0.004443096286094274,0.5784486595970861,-0.11835178466695843,-0.497097713391549,0.7080454858528696,0.4192458946613003,0.5668199015542773,-0.04024511119401945,0.6985392487479218,0.5199660327228742,-0.4063572168039428,0.07555085684960565,-0.054464033766672124,0.9913223120517289,0.09276750877094814,0.5987511943702717,0.24965604672838257,-0.39701937560034173
0.7696275968852437,-0.48458862935343466,0.4157433611602079,0.0021633458386014813,0.5770205159764181,-0.11999250808066053,-0.498797554219516,0.7084075271657398,0.416426049434471,0.5685323266551261,-0.03897581757231416,0.7005585916095227,0.5192179456363055,-0.4051535105247317,0.07439796090009278,-0.056379068380724054,0.9909034780480459,0.09693627419452261,0.5992315504449107,0.24978700195967998,-0.39744284226191867
0.765839029229135,-0.4868325499983895,0.42009597930309805,0.002004431294149255,0.5747804000590332,-0.12271085738925597,-0.5015896629381348,0.7086176111217924,0.4134326805562946,0.5705271058681403,-0.03785923039108344,0.7023395929225,0.518451989155954,-0.404125135420743,0.07313567020366363,-0.05841218812848742,0.9904965845053866,0.10077552334305559,0.5994897543937979,0.24955914115144012,-0.39760368603544904
0.7644005293978212,-0.48746488519648834,0.4219813224307389,0.0012569313067421614,0.573792776350911,-0.12368174017763721,-0.5030175754573207,0.7087655536216495,0.4119235913404115,0.5714656826095103,-0.0373807235919908,0.7032838277746498,0.5180693655016221,-0.4035359622750623,0.07236244445188653,-0.059429334439177195,0.9903050332074891,0.10260493187453612,0.5997013856436698,0.24943408943849754,-0.39769706840171376
0.7625912163720424,-0.4881049995047989,0.4245053733978433,-0.0018259591963197628,0.571898318210026,-0.12439818227679252,-0.506975408700468,0.7091260640998415,0.40834793270512254,0.5736495969088282,-0.03630882862416883,0.7051876753999864,0.516926077853131,-0.4025991796819016,0.07023452348762926,-0.06149431789702364,0.9899529800640664,0.10620102560295522,0.600334050825655,0.2494906274934141,-0.39789116953136144
0.7609260816911284,-0.48806858716561924,0.4274979561772382,-0.00510390915148603,0.5705722907387499,-0.12447308318108198,-0.5104813417200689,0.7094288803096888,0.40483884199095505,0.5758179594943702,-0.03535326465410998,0.7073901595089492,0.5158676341337456,-0.4016729568608947,0.06797099314592453,-0.06350304416532176,0.9895860703915738,0.10984860836377089,0.6007830149123415,0.24947664684879048,-0.3982665724731018
0.7595075304268787,-0.4891508673887941,0.4287708376503977,-0.005942132464922605,0.5695392846587833,-0.12523107949800708,-0.5125826527733556,0.7095357816935376,0.40329544792148864,0.5767971599572744,-0.03488255219402311,0.7083650251573977,0.5154479843993354,-0.4012903858556396,0.06701885287371162,-0.06448520373223107,0.9893916229561606,0.11159905144435216,0.6010267320114159,0.2493180284231872,-0.39837645018762413
0.7559604213810526,-0.4929670604357969,0.4306483808626956,-0.00702073293964243,0.5668866524885041,-0.12772605462767103,-0.5173245204296464,0.7095674427831142,0.4004452639110819,0.5788372404326781,-0.033242801351540695,0.7102845168012769,0.5142855718109044,-0.40043012029504593,0.06539021777990868,-0.06681261275504999,0.9890033793898386,0.11459716292744253,0.6013209846268646,0.2490043336866787,-0.3985777184768887
0.7522875720882393,-0.49596428151644834,0.4336269412394196,-0.007107473024964306,0.5641322537039558,-0.13040178943979713,-0.5214147984359203,0.7091432149270217,0.3981776598565919,0.5810151810997151,-0.031493034876958884,0.7117929639623068,0.5132610823311718,-0.3994057068968285,0.06399472602249492,-0.06920164764293628,0.9886252628822367,0.11720024144956827,0.6017228196863321,0.24876745212428777,-0.3988450172269129
0.750944073796175,-0.4966983281035884,0.43510478827224514,-0.007588946703564434,0.5631286427098743,-0.13127852878661395,-0.5234668252230288,0.7090388209798835,0.3968394836616512,0.5820934487806807,-0.03081544153867863,0.7126405432788265,0.5126943142979783,-0.3988567230719974,0.06312082706484667,-0.07042325285304717,0.9884258036924155,0.11862022274152113,0.6020895803913847,0.2487716175129932,-0.39905282086897337
0.7501925115703871,-0.49368003270670757,0.4397861664139252,-0.008907789925795672,0.562524701253483,-0.1313336736791317,-0.526737848993813,0.7090937375685514,0.3936511433460119,0.5842493337165623,-0.02962371913168379,0.7150791830944969,0.5112479634768827,-0.397922902199186,0.061310635446076664,-0.07262066904415104,0.9879841195231921,0.1218795470075324,0.6026555407496728,0.24861886659866367,-0.399226303910503
0.7505850612490829,-0.4911793848559305,0.44185982113273314,-0.011170326351972876,0.5625750141012817,-0.1301331584154476,-0.5286499946483598,0.709073089469079,0.3920905732473642,0.5853532813614457,-0.02901503335716067,0.716225412049638,0.5107961145322475,-0.39737283825241626,0.060389506542956446,-0.07379928385748682,0.9877745936888368,0.12332122795558745,0.6028727612714101,0.24857248431282156,-0.39952999751553814
0.7497394138281908,-0.48954623187624385,0.44501202759443137,-0.0141277565319062,0.5613978300654827,-0.12991323893005305,-0.533087148027293,0.7084872023804959,0.38926459933841906,0.5879799876162954,-0.028257564079368722,0.7180356676648556,0.5096759564055379,-0.39627889141127554,0.05853125445282936,-0.07625952877867519,0.9873835437595243,0.12582652357717006,0.6033425088592409,0.24824734940004864,-0.3996004822081457
0.7463958511036595,-0.49183503502582787,0.44797490273441015,-0.017607336439180703,0.5599938176315526,-0.1309656329550086,-0.5373631632428407,0.7079672576070967,0.38632385366731753,0.5905699806546557,-0.0276286118630596,0.7197415529379204,0.5082279201249043,-0.39511923562650075,0.05672546736938014,-0.0788142067117861,0.9869731333822143,0.1282753918482085,0.6037383415937592,0.24798628974874323,-0.39991535724259464
0.7441432821971569,-0.4935712619189998,0.4497085711470091,-0.02000964780909652,0.5595143268950423,-0.13166520630052334,-0.5391819146476292,0.7077181015211734,0.38494885937552525,0.5917816751999042,-0.027274774835795865,0.7206334772462698,0.507661808650128,-0.39461017042612084,0.056077922715671163,-0.08003314812092824,0.986724376779182,0.12971108686416674,0.6041140741886347,0.2479256057267375,-0.4001008086746485
0.7417300237626546,-0.4952593051424234,0.45172717037111776,-0.02230148128262005,0.5588688472663734,-0.13240699287316382,-0.5408526763899381,0.7074375478052215,0.3837489396925958,0.5929177160767438,-0.02678524225168392,0.7215106083252801,0.5071269710817964,-0.3940895844072753,0.05536485127316853,-0.08117710611254383,0.9864635290890403,0.1312810590446662,0.6043282210047773,0.2479383005059362,-0.4002959349919105
0.7386710280623202,-0.4972076278652254,0.4543586679194404,-0.02660616433201452,0.5576347952357289,-0.1327742502317272,-0.5452333772837873,0.7071792970359705,0.3811230666892977,0.5949734736047999,-0.025479709333000124,0.7233974022610019,0.5055868191983758,-0.3934497908897901,0.053351629018691615,-0.08352978173475716,0.9859149006112884,0.13471521071144538,0.6045513046400379,0.24783507674340044,-0.40054454450616417
0.7383285612605217,-0.4965085278187788,0.45544692306684836,-0.03030375717856078,0.5565939083250082,-0.132477355707444,-0.5503482017019662,0.7064256828469494,0.37869648630965264,0.5974678421270768,-0.024164095161184895,0.7249532090843523,0.5043555623373241,-0.3921527583385976,0.05152264487830504,-0.08587369803437724,0.9853502248607577,0.1380436866267305,0.6049283176442306,0.24769672591508252,-0.4007537548831783
0.737508737668927,-0.4967832423160405,0.4563623368091959,-0.031948232470642,0.5561193380902087,-0.1326120430751637,-0.5528061152692135,0.7060164879268854,0.377457737188845,0.5987562912971444,-0.023606758433802857,0.7257483113037623,0.5036579571568869,-0.39147224939990727,0.050613854232089354,-0.08704781459616183,0.9850670670174699,0.1396559673318844,0.6050520541796474,0.24758533383367295,-0.40080259302288374
0.7368806782429191,-0.495221810645257,0.4587691722144483,-0.03595929530953641,0.5560688659275417,-0.132059704425395,-0.5567440971749991,0.7055425505089391,0.3749140964218917,0.6009355388346639,-0.022926139906004363,0.7273734451981861,0.5024016207073693,-0.39040936863709325,0.04907534828280795,-0.08952764206119047,0.9845011029392389,0.14259729944605026,0.6051977066301091,0.24731522720242982,-0.4012267449275744
0.7355104302954913,-0.49285784160765667,0.4631574772943096,-0.0400088255108081,0.5559282961138835,-0.13144324671829968,-0.5595152476873979,0.7051640035774057,0.37225395402244227,0.6030556524195817,-0.022239646088340136,0.728816690614162,0.5010267497397116,-0.3893511594538776,0.04794904723284418,-0.0922333306844168,0.9840634412417879,0.14426726999459022,0.6053033238316626,0.24704426129922266,-0.40123696399164765
0.7328946218697542,-0.49361936156611486,0.46649085175616656,-0.039895918954919216,0.5546437996990972,-0.13318060270773674,-0.5631732889298077,0.7045821500733439,0.3698647645908256,0.6052232404013327,-0.021653613793255973,0.7302045204447185,0.49970386864120975,-0.38803108438016626,0.047317987020169115,-0.09497175364852331,0.9834924966324606,0.1465738147860415,0.6058633222791875,0.24703784129451914,-0.4012912038031731
0.7311591021303524,-0.4943424199265605,0.4684407053309032,-0.03994051604793428,0.5540005134610514,-0.13376990885919177,-0.5651406506061076,0.7043971721417078,0.36861659964223936,0.6062176028306588,-0.021133962364113083,0.7310743637023639,0.49912982843561965,-0.3874501860817319,0.047085796922488724,-0.09624431198810296,0.9831244237388563,0.14827787288146776,0.6060095008631521,0.24698871585730273,-0.40134191157685356
0.7286735861682674,-0.49437595434478443,0.4720882836867706,-0.04195084018276276,0.5531973221258143,-0.13471662411714044,-0.5682585484164966,0.7038226039487051,0.36632339933086916,0.60829910108236,-0.020325178865961253,0.7324738996560136,0.49788492522794464,-0.38639186980998785,0.04597957963584715,-0.09873929808152616,0.9824108037304856,0.15167544951144743,0.6064828744175951,0.24684613022342555,-0.40172841953289706
0.7278964728179954,-0.49401401969395675,0.4735229039213377,-0.04350784603774109,0.5529321686190108,-0.13473512368522075,-0.570077620682113,0.7035550367714003,0.3650922831692644,0.6093618714605105,-0.01990086967927905,0.7331414910823313,0.4969684292100496,-0.38580822303653406,0.045019842748366824,-0.10004033595871345,0.9821126755266059,0.153035412601633,0.6065815114278428,0.24674106730149462,-0.401782841537247
0.7267906533288276,-0.49279047575429785,0.4762161325645112,-0.04637982670308923,0.5525068014806321,-0.13452315742611215,-0.573753409319229,0.7030650275032075,0.3631270447330619,0.611130585756549,-0.018913583431074816,0.7346581391786388,0.4955794021453732,-0.38497091786596477,0.043115948652188804,-0.102392671054259,0.9816657872222682,0.1548839503740815,0.606836516196719,0.24634785672622933,-0.4020420024049673
0.7265210396018825,-0.49183015467108804,0.47752442693557495,-0.04733602910959241,0.5523658875789971,-0.1343811318274192,-0.575667000701816,0.7027914191268215,0.36223313312490607,0.6119947000984773,-0.018271987291950155,0.735413714715244,0.494741360363968,-0.384398905750602,0.04195475439118401,-0.10360228388173452,0.9814657437564501,0.1556642514871744,0.607027796547392,0.24617956430678029,-0.40223979120588665
0.7257448363845154,-0.49078954485588805,0.47967045923065926,-0.048335345895230995,0.5517206845875569,-0.13455481660768648,-0.580041645865133,0.7022702886922942,0.3604226013016232,0.6136932885374232,-0.017103733368352324,0.736709458019285,0.49327878497073074,-0.3837140238574164,0.04015282195326018,-0.10584154090757904,0.9810576601591168,0.15719792158491874,0.6073263144434285,0.24579491780825294,-0.40244937669618364
0.7241748916038382,-0.4916064357120568,0.48129895228105724,-0.047383090551514136,0.550120374236827,-0.1361910069504741,-0.5847435321914802,0.7015536745899896,0.3588985909149961,0.6154230673002373,-0.016391807199962822,0.7379532259406771,0.49223842870318496,-0.3829025305349063,0.039567523092520145,-0.10819955221693911,0.9805076226083035,0.1591605165340626,0.6075406068913846,0.24541061344791396,-0.40279906370427887
0.722324745482748,-0.49238000423265355,0.4833458773011446,-0.046751004172339426,0.5494984082826941,-0.13752864839792653,-0.5863217370362575,0.7010125013863792,0.35823168607725664,0.6164337025621422,-0.016156185681837645,0.7383615791466532,0.49176017698408664,-0.3825105326085366,0.03932712113122,-0.1092714416457564,0.980241421898457,0.16012459017489997,0.6076281424611698,0.24522279504682332,-0.4028341956415773
0.7194751362435284,-0.49099879486510695,0.48893990816540817,-0.04704761387755187,0.549209952115174,-0.1386483397394735,-0.588446710074632,0.7001413984184303,0.3564372717311585,0.6184803919987212,-0.0153784997526253,0.7393481089552545,0.49041042359259973,-0.38177843855011767,0.038166953463397026,-0.11150059386163227,0.979741245352274,0.16191971278198836,0.6079685570066653,0.24493046284435288,-0.4032587441152505
0.7180285436256761,-0.48799680919469024,0.49378324446000804,-0.04972154709117046,0.5499815235942594,-0.1379728369897869,-0.5908687608890077,0.699472071276807,0.35463643389475935,0.6202950050864936,-0.014350188949563879,0.7402165222372058,0.4889559869872708,-0.3812197072129232,0.036341213514898184,-0.11384000753399554,0.979122579529057,0.16443461661490189,0.6081210819434952,0.24465015797162742,-0.40357620037470965
0.7169651685292154,-0.48796622601982526,0.4952046676351536,-0.051207875685284315,0.5494579987608289,-0.13803499367607014,-0.5924509905568707,0.6990148923845113,0.3539932295063161,0.6211865145058887,-0.013938718893205634,0.7405690332502419,0.48836113466091996,-0.3809472342432566,0.0350043710745791,-0.11472489044605745,0.9787428216708163,0.1663591973581933,0.6081006961477651,0.24455332168273444,-0.40370481470588127
0.714898154537963,-0.48984231235642717,0.4958777981171828,-0.05550087384877629,0.5490868047640509,-0.1380056856255022,-0.5970689600566599,0.6980110524427756,0.3526388224935913,0.6231005208636103,-0.013121449522045322,0.7412188757739139,0.48712667999267806,-0.38029095543461583,0.033042899972109206,-0.11561790186207374,0.9784140971150789,0.16806701668361393,0.6080617925985607,0.2444820785295965,-0.4037388668988079
0.7118282545202526,-0.4916970820782081,0.49780886866936397,-0.060998736188175,0.5489550586975703,-0.1381086059282879,-0.6009700823490167,0.6971871418155495,0.35105162448285404,0.6249305130591103,-0.01243784879677578,0.7415646944713428,0.485545188991286,-0.37975707694902466,0.03279862274395926,-0.11833196516892035,0.9779709744667927,0.16880334554099535,0.6084184603165083,0.24423986169894363,-0.40381128119298876
0.7097767596868605,-0.4931942864322947,0.49901837195971827,-0.06290478269283442,0.5485209875022008,-0.13892211491455464,-0.6026611348797405,0.6968934889595318,0.3503296153356835,0.6256661734257244,-0.012266421457555328,0.7418351570422733,0.484893244981651,-0.3795302359887588,0.033291775455287526,-0.11958059364737804,0.9777360908555655,0.16918710337508847,0.6085078817799192,0.2439611256221524,-0.4038331037903207
0.7061222373051486,-0.49560845116825797,0.5015921749392107,-0.06456732264485245,0.5478664709946816,-0.1408007170862336,-0.6064681679708631,0.6961250914917331,0.34915209021532795,0.6271928818151076,-0.011478845514883252,0.742593496033971,0.4833752341065597,-0.37868673084880533,0.03308310540353978,-0.1218659015847276,0.9768168829064071,0.17286696456180004,0.6086488225886627,0.2437038872703797,-0.4039880534485557
0.7048477491272501,-0.4954493625281792,0.5035293144785811,-0.06463597435948756,0.5475935203907415,-0.14174736400972276,-0.6079906275733492,0.6956475880394875,0.34865100797911347,0.6280107277062439,-0.010928576113363788,0.742941272820354,0.48274507258691673,-0.37843374921951795,0.031925597547189884,-0.12270244036869583,0.9763900368710442,0.17489243336343235,0.6086092540858201,0.24365531382423003,-0.40416445437653326
0.7038085871228094,-0.4905623730065951,0.5097524120477389,-0.06445548303942364,0.5481523953714913,-0.14143450200021568,-0.6098037652052984,0.6943355671290815,0.34842751122543136,0.6295994130903281,-0.010048317127911766,0.7433709915377446,0.4814783729790412,-0.3777525071292058,0.027129832810427232,-0.12400190344822865,0.9761984578915976,0.17585241233193555,0.6086013064339963,0.2436849060689,-0.404616424810388
0.7031956491787688,-0.4864514980423832,0.5144502603088547,-0.06497498515985065,0.5488551923244318,-0.1410090683551647,-0.612632400938889,0.6933177658264758,0.3478036870833809,0.6310740030728994,-0.0094166600308227,0.7438304156124017,0.4806113577633179,-0.37697266207814967,0.025287010793674222,-0.12573007275764228,0.9760947229804073,0.17547537621923054,0.6093107405415347,0.24349885916712266,-0.4048386531108722
0.7024492843790909,-0.48570810301202727,0.5160789364489593,-0.0656899756239257,0.5492764006310661,-0.14091687053166627,-0.6142472510735638,0.6927504023003497,0.3471982075902242,0.6320261571049427,-0.009655127860235445,0.7440019387525735,0.47996203584943936,-0.3767224500381182,0.025937136394150878,-0.12694106425639945,0.9757303247700235,0.17653204945648981,0.6094805514999262,0.24342718188470722,-0.40487182605979144
0.6998596075589242,-0.48554064500812394,0.5192668239171861,-0.06934534830485409,0.5497619409766368,-0.14122886958539038,-0.6178803138404707,0.6914326050464977,0.3462858868303037,0.6339633910046962,-0.009871986962646942,0.7445796221624447,0.4791361579835405,-0.37583668155189687,0.027589387815657257,-0.12938738916090128,0.975113076309204,0.1779107012433014,0.6097558920370674,0.24331775954563342,-0.404925212875234
0.6964490235257593,-0.4861253875934351,0.522599842264806,-0.07436578535824673,0.5498767044060192,-0.14144489956644316,-0.6211694671121645,0.6903359091618784,0.3453540225671066,0.6356626632309099,-0.009995508618774603,0.7448138030948854,0.47821421511573664,-0.3750389484325699,0.027402532439664375,-0.13178791209970184,0.9747715872952367,0.17804886981449533,0.6097856996305417,0.24335868225794552,-0.4050140312824956
0.6950965550471884,-0.4863454500238638,0.5239374176963013,-0.07614765091812083,0.5499578415391712,-0.14163875380381083,-0.6231824257398653,0.6899561267672729,0.34460284238486233,0.6364837657759287,-0.00989141346164707,0.7447856453503829,0.4773863366140914,-0.37468382924561355,0.02691315956793544,-0.13309568955398154,0.9744877208475429,0.1787033888363134,0.6098858357841084,0.2433804481404127,-0.40506441869765886
0.6933175598294224,-0.4854079019495371,0.5267591954499266,-0.07883324150426527,0.5503209630391303,-0.14191530560180424,-0.6273457987242824,0.6886418209097216,0.3441968936764426,0.6381209234981989,-0.010130541517429596,0.7447615166268953,0.4766983207594675,-0.37375464478173753,0.02549697573633295,-0.1349974522172573,0.9737997404033406,0.18121715623399695,0.6097547942109003,0.24354271938785285,-0.4052497239915255
0.6927798982217755,-0.4815816941770068,0.5307726852751445,-0.08009644823113299,0.5509140948521554,-0.14160924021800497,-0.6312033375233455,0.6869251378665282,0.343911629470595,0.6401088324999699,-0.010923764802339139,0.7445395358385911,0.47600246881676206,-0.37254027818816643,0.024118289750765763,-0.13651264348565273,0.9732102400627284,0.18342419389247336,0.6095587492665729,0.24360890300889446,-0.4053703195635871
0.6925890017627855,-0.4788580308286203,0.5335239908335565,-0.07979731921060662,0.5513226896241427,-0.14152477858729787,-0.6332280019210582,0.686196946953502,0.34380743042745415,0.6409352593492468,-0.011497569198649032,0.7444698446816702,0.4757769032223522,-0.37209637125859263,0.023584794478483495,-0.13732384338876075,0.973051615049097,0.18372934974219743,0.6095582489933483,0.24366081623152866,-0.40541155992065253
0.6922079538447135,-0.47069457040311735,0.5416174575123778,-0.0771057698552293,0.5523732907018996,-0.14111525555229332,-0.635893249741912,0.6852771265284023,0.3436411168704265,0.641990920519763,-0.012397605543393956,0.744273764997016,0.47501930155912214,-0.37142558659272606,0.02346616901758989,-0.13938536732331314,0.9729541180810694,0.1827056167633375,0.6092762437224316,0.2434915670528692,-0.4054156533302267
0.6888821324440187,-0.4653147607263151,0.5504992276513453,-0.0766432084718912,0.5531017938917518,-0.1413674768083572,-0.6374900632957796,0.6841940050615463,0.3437819917084703,0.6430599159975506,-0.012901552310523458,0.7440753207358163,0.4743431198524557,-0.37077508927450037,0.024551384493346023,-0.14174197503216865,0.9726598998137055,0.18231610276613633,0.6094485673797714,0.2432961367803298,-0.40529388367351127
0.6861149835758646,-0.4646202016938933,0.5543283449456587,-0.0780665323965638,0.5533538209920923,-0.1416664381929977,-0.6385559185599038,0.68353430007269,0.34403092981004607,0.64362487889552,-0.013061210698097897,0.7439057605434934,0.4741360985332356,-0.37043937233606283,0.024611984277030746,-0.1425960583029331,0.9724732444520754,0.18263735436998527,0.6094691950037463,0.24324891021781947,-0.40535617727183637
0.6802182399761385,-0.4660152475930786,0.559671390495781,-0.0830714732928523,0.5532729034769499,-0.14270261789805433,-0.6416345077637856,0.6821318824983684,0.34453242462380473,0.6448329184558401,-0.013565048389087666,0.7437309954561747,0.4736971668900432,-0.3699787809070601,0.023491378061644006,-0.14372645694321418,0.972152335872263,0.1836047292131055,0.6100147551267885,0.24332680532353934,-0.4057326488228775
0.6781741418210558,-0.4665206240711096,0.5610716940676674,-0.08738932885435524,0.5538744036870548,-0.14236824411955287,-0.643697046856048,0.6814217792038838,0.34456502592626836,0.6455566760422488,-0.013995704781346537,0.7434323616646882,0.47351455642399565,-0.3695305099568863,0.022469857992933915,-0.144186938726492,0.9719888284186599,0.1842361246112755,0.6100776925048272,0.24337154308339046,-0.40586301902998734
0.6756038103918577,-0.46543778588831264,0.5636526404688933,-0.09603572118661166,0.555520433742372,-0.14095761406191173,-0.6477354359551724,0.6800679690260711,0.3441930139227734,0.6471595229831193,-0.014942505940231724,0.7430416297521648,0.4729310709221631,-0.3688227100227663,0.020619688302404425,-0.14534081901536364,0.9716399607624719,0.1853824733672442,0.6100245283806908,0.24351330282143283,-0.4059169220956086
0.6740679269634912,-0.46483751718997396,0.5653816000213575,-0.09950959154318793,0.5564581244082144,-0.14038088661362969,-0.6493962274684809,0.6793798734196931,0.3438458491830668,0.6480511873288533,-0.015578131899590964,0.7427762409771861,0.4726609504064116,-0.3683486902151624,0.019812932233873756,-0.14611133903128612,0.9714462602354613,0.18587922906370377,0.6099804983982432,0.24360482256630328,-0.406030864703205
0.6707910300662018,-0.4636924526627765,0.5696312964748255,-0.10270778647557577,0.5576718529559259,-0.14096504811401164,-0.6521780788709093,0.6781777200031127,0.34349472593649333,0.6494693673061488,-0.016610065506906156,0.7423572952896212,0.47228448881007645,-0.3675637105834604,0.018205508749373808,-0.14774766076290374,0.9711154621089291,0.18647773980619603,0.6097737711792496,0.24358673517799012,-0.4062359109930543
0.6691996744476064,-0.46285655628807654,0.5720616792121885,-0.10334911319063891,0.5582032166329235,-0.14152365763745128,-0.6533475347094518,0.6776348594605222,0.3434268589195316,0.6500609943265863,-0.017020384006025232,0.7420069429918477,0.47194671886662626,-0.367364135485531,0.017389428579116007,-0.14855205342612707,0.971053397793613,0.18623961401928507,0.6097120870496349,0.24350006478453426,-0.40633914567413865
0.6663864258503343,-0.4603035494425919,0.5771277125044009,-0.10475388905623394,0.5597294271626034,-0.1416179785258502,-0.6548435474712145,0.6772070529667826,0.3430088429627754,0.6507212120590563,-0.017246600760036535,0.7419205594133527,0.4712620069563967,-0.3670083844506726,0.016071641711298764,-0.14987854662916425,0.9708418898818391,0.1863978230658611,0.6096259863207903,0.24351848976394005,-0.4064513081938332
0.6641081424108466,-0.458210125810846,0.5812616009438535,-0.10554054697703653,0.56103928616794,-0.14176258816295487,-0.6564662901167039,0.6750465273902954,0.3439154469955138,0.6524663687587713,-0.01794404678221541,0.7413862381921885,0.4714669960191605,-0.36592111314114,0.015498172066331284,-0.15122720200563775,0.9705389913683052,0.18693369484911224,0.609570954756173,0.2435902151212661,-0.40666972102774523
0.6635398402571953,-0.457276482169621,0.5824712825514966,-0.10649086462625292,0.562064697313526,-0.14112236605074963,-0.6572343150598738,0.6747482444197838,0.34382610525760876,0.6528167963366996,-0.01812860768209778,0.7411209112121633,0.47119464130024513,-0.36586520653663746,0.015096969666412868,-0.15187688621618248,0.9704213049013483,0.18705075229395013,0.6095076872439548,0.2435892831648813,-0.40668850071509927
0.6612844257142555,-0.4572994198436297,0.584434962547893,-0.10961716777079364,0.5633734160540996,-0.1409514869417678,-0.6595154381123465,0.6737422279577676,0.3438518853348386,0.6538293054810433,-0.018561533135952442,0.7406569285700831,0.4708772502528904,-0.36543245953310616,0.013385969798455617,-0.15324703500039022,0.9703104229997358,0.18663827339058212,0.6092418346438165,0.24360123349865398,-0.406912525335094
0.6597671088473132,-0.45812711193644223,0.5846941656103678,-0.11384043259417109,0.5649947480778498,-0.14037982320694214,-0.661900550622655,0.6726523346286731,0.3438847535513665,0.6549359201693219,-0.018467632914778716,0.7401071396102661,0.47037847539565447,-0.36490265481272516,0.012138322453261009,-0.1543799110644568,0.9700639637608376,0.1870706027155623,0.6089978635159758,0.24369617308936314,-0.40701273564190377
0.6588426025337587,-0.45851111194408384,0.5851762103371804,-0.11516417917807482,0.5657757741722158,-0.14039905312487758,-0.6627670837094886,0.6721137669647408,0.3439208204427988,0.6554680184540204,-0.018526475821865993,0.7398320033673861,0.4702578055975306,-0.3646278331069519,0.01144336004251253,-0.1548890406645966,0.9698610452363845,0.18774447402234248,0.608853995147862,0.24376423143106274,-0.40706103508853
0.6569531380863719,-0.4585436578047303,0.5868747267783775,-0.11716801318760833,0.5670550498582022,-0.14041804398483446,-0.6643847617400791,0.6708788157394159,0.3439642326714905,0.6566916431723542,-0.019139148946211867,0.7395564309034769,0.46994973585717403,-0.3637925400563139,0.010115326301326876,-0.1558940765055106,0.9696068873830486,0.18830082587091312,0.6088044323553661,0.24405038864900577,-0.4071598290856619
0.6560933277723645,-0.4561377733458904,0.5896385389375306,-0.1175000867201887,0.568389580028938,-0.14014397159127878,-0.6645842256332617,0.6697520910978833,0.3437656432200373,0.6579207010215797,-0.01994166940854763,0.7392778911055675,0.4697440506602929,-0.3632884647699293,0.01012315964190588,-0.15732160945969023,0.9694625478434289,0.187855798858605,0.6085326960948172,0.24392674562442965,-0.4072236189779079
0.6565652829788775,-0.45431304826043173,0.5904128127435713,-0.11804403379843428,0.5690045779742197,-0.13951361602096676,-0.6649498728670489,0.6692705844066313,0.3435004348094763,0.6585340507984043,-0.02042645521747426,0.7389834033727255,0.46961823217609006,-0.3629965744246286,0.010119764891317095,-0.15814194306195128,0.9693608628955936,0.18769185834618707,0.6084407281163141,0.24391851832365163,-0.4072759320745963
0.6578754697328841,-0.45146348175391837,0.590968737646611,-0.11889719126513283,0.5704328742870509,-0.13854472844298427,-0.666091621277426,0.6685031480485083,0.3428079153389142,0.659640692637669,-0.021457652404642435,0.7384182885274668,0.46924878246005586,-0.36277090041082005,0.009971607760694631,-0.15944810077555988,0.9692223447515281,0.18730968109546225,0.6078537916589146,0.2439074916066211,-0.4075461889284237
0.6583719810551119,-0.4508493184914232,0.590757612411825,-0.11952685871747239,0.5708256614149605,-0.13815230876300438,-0.6665233954831414,0.6684294645416456,0.342462248241427,0.6598831310180263,-0.021815427106581214,0.7379408235171424,0.46892327495262287,-0.3627628215608161,0.009557741407689353,-0.16003147360612743,0.9691666281675112,0.1871219492231,0.6075689578235807,0.2438568685631566,-0.4075040737016459
0.659037363703967,-0.44959263857781595,0.5904977990149448,-0.1218546754838256,0.5721067392393817,-0.13711268606204619,-0.6674914632696846,0.6679203857037673,0.3415659721757509,0.6608051893358577,-0.02348503267542056,0.737147333097615,0.4685552282083199,-0.361845821232787,0.008479303386070535,-0.1609673458144867,0.9690728470732071,0.18685671532207548,0.6070191672467078,0.24391321003713284,-0.40786472275463315
0.6594510438176128,-0.45008639500436753,0.5892224338965469,-0.12394951082139394,0.5726749410010307,-0.13652273608183801,-0.6682890869456881,0.6673669795720584,0.3420505423097695,0.6611019944811216,-0.023809535391170627,0.7366488269029842,0.4688023914430032,-0.3616786060366874,0.008004447332840853,-0.16156079805337373,0.9689418281388117,0.18704483697303778,0.6070438152125215,0.24388370825898992,-0.4080125842141176
0.6597139649605346,-0.45181767077609375,0.5869510767560282,-0.12699098513459578,0.5733036220096676,-0.13646496849640935,-0.6701693897875455,0.6662280222748878,0.34256984916550987,0.6619920355590617,-0.023508841629939596,0.7361968368111886,0.4685928394294208,-0.3610580425626047,0.0069255933648602365,-0.16243109066716907,0.9686275133225029,0.1879598823576014,0.6067965126579064,0.2440773976391626,-0.4083360432540759
0.6597348079385171,-0.452419483569388,0.5862432113948454,-0.12800582476823005,0.5735582145483581,-0.13648940273649945,-0.6707670380272059,0.6657761926862097,0.3427032177273827,0.6623822155885183,-0.023374479322520826,0.7358083717141679,0.46850352241023374,-0.3608167751469844,0.006342063031230662,-0.16289483147169695,0.9685196285297283,0.18813500808980899,0.6067081508127998,0.24405541309813497,-0.40834478966811594
0.6599455229721812,-0.45235647386670513,0.5856706053239643,-0.1297515676950244,0.5738312861258417,-0.1359272316240757,-0.6713956619049878,0.6654883643667892,0.34224600786293696,0.662903389956819,-0.023494735113550463,0.7355613265548427,0.467950887086972,-0.36111230940354333,0.005419589498443675,-0.16396848759185512,0.9684524015615599,0.18757640852771235,0.6066459899752575,0.2443417328016913,-0.4085221472102893
0.6605591607849906,-0.4522946793339177,0.5853035910982415,-0.12849445278594662,0.5737480559079527,-0.13579117981239677,-0.6717609022347093,0.6648403562677613,0.3419171687796588,0.6637020345882871,-0.024074045252650406,0.7349976823928995,0.46771053470011253,-0.36055934322133376,0.004590199940032742,-0.16494424686805306,0.9685127710465905,0.18642783539293664,0.6062217598662785,0.24449655071848578,-0.4086706531991435
0.6609375533284997,-0.4523138102804633,0.5849095500112708,-0.12827542997518418,0.5735404253630675,-0.13575905856478684,-0.6722001088284368,0.6645290200093513,0.341899319820784,0.6640139036418328,-0.024322262267955957,0.7345933977848638,0.4675502256614879,-0.3604640041037118,0.0042950175778287405,-0.1654535557304711,0.968512731310236,0.18598323314249818,0.6058978964499041,0.24450886944168043,-0.4087958787956434
0.6621537738960747,-0.4520641618069359,0.5839716694711488,-0.12715133731132375,0.5731915283650314,-0.13514124650058543,-0.6725447701885364,0.6640215478745709,0.3419786944548486,0.6644690931091494,-0.024632921059441176,0.7341215845018673,0.4675028942797144,-0.3602825405562628,0.004736460721408741,-0.16641348246346166,0.9684043796766146,0.18568003720747422,0.6051010708989816,0.24450438257607654,-0.40873397448446774
0.6625661123582256,-0.4533794227452369,0.5825898731900164,-0.12665814400244238,0.5729119066918417,-0.1351208487386533,-0.6731364933771428,0.6632097933233551,0.3424093869067477,0.6650402100320052,-0.025101809471119414,0.7334530719845067,0.46765853517719547,-0.35987454919051065,0.005018668229433955,-0.16725310340955768,0.9682997633006776,0.1854636912199431,0.6045948023078234,0.2446024279876836,-0.4088220806557024
0.6626836364581945,-0.4546999507432106,0.5814930496019903,-0.12634945994836141,0.5721760008936275,-0.1355183990234586,-0.6733156653491857,0.6629361107414102,0.342395376105078,0.6653071362110142,-0.025446689443106366,0.7330471007553854,0.4675604124878422,-0.3595557210140094,0.00518886119492963,-0.16739399912418443,0.9682885379033258,0.18539048557504756,0.604398445445098,0.2446104417961663,-0.4087409332228972
0.6630314604156998,-0.4556573030113218,0.5805091933913216,-0.12559769543916802,0.5710208967253663,-0.13573407500254442,-0.6728838119367242,0.6627215944403605,0.3425605377531819,0.6654207480634775,-0.025837845949673404,0.7325055175069382,0.4673277616213251,-0.3595764691406318,0.004816966377142327,-0.16745768193870206,0.9683021783405429,0.18527172751285464,0.6037316626702506,0.244661349096051,-0.40890396553339076
0.663251283745914,-0.45618054512263173,0.5799534425554387,-0.12510415392428528,0.5703986851620526,-0.13579751480773106,-0.6725813020692724,0.6625143610061611,0.34278292853940157,0.6655059010446637,-0.02600924907181976,0.7319582180200415,0.4672693623985187,-0.3597502863664256,0.004420940096793072,-0.16742615870605965,0.9682937147814733,0.18535430554559254,0.6033185644294505,0.24475160197283494,-0.408791816028837
0.6644591585004935,-0.45735826959373366,0.5778679704395346,-0.12404051216894653,0.5689034810039424,-0.13563699704210697,-0.6720599320897203,0.6625636281543766,0.3431587231400333,0.6652506328725855,-0.02632726424138203,0.7313682410409463,0.46730588988699495,-0.359734373741617,0.00379948272941805,-0.1670576081278477,0.968211829370131,0.18612676584880483,0.6028464103655351,0.24493911761887785,-0.40878818444215664
0.6658352508392763,-0.458149532078831,0.575757064870975,-0.12355657508568964,0.5673941238775916,-0.13522751541306954,-0.6714073594762388,0.6624367738206858,0.34361893000526705,0.6651340868221189,-0.02646125808390388,0.7306861953760301,0.4674180115014298,-0.35970411487074566,0.003624588946361422,-0.16660660309420625,0.9680977881023143,0.18712502460062913,0.6022239722920244,0.2450662131788487,-0.4087020569262
0.6667213084516431,-0.4582590394182078,0.5746320190590893,-0.12360983909100792,0.5666320933791129,-0.1346950078083095,-0.6709253015421709,0.6624848551371805,0.34391321244516054,0.6649268257211662,-0.026642737394881853,0.7307183353428998,0.4676122387424865,-0.35962548639228215,0.003609106717656043,-0.16641623592340365,0.9680560644448675,0.18751017802055772,0.602152824946849,0.24523426714508115,-0.40883930342274566
0.6687671742191866,-0.4599345422701144,0.5713019908704322,-0.1217568016216967,0.5642792545464892,-0.13485270393117982,-0.6703930651917136,0.662995516180816,0.3440272708347342,0.6643631752897962,-0.026528357751614707,0.7301321573684117,0.4674132601165431,-0.3599483730900313,0.00364943132721779,-0.16598429648595894,0.9680464815963984,0.18794122602527413,0.6013761834539527,0.24535077116912415,-0.40883108548121333
0.6696037856714081,-0.4609448195479657,0.5697784191567962,-0.12047072926480872,0.5629132585480605,-0.13507111936385516,-0.67008237933898,0.6632522670457225,0.3441415442156665,0.6640503296591813,-0.0264610559709662,0.7298890846567282,0.46742338599685795,-0.36007683305194305,0.003635398624031427,-0.16554665320611725,0.9680287176759549,0.18841839412261385,0.6010602484820222,0.24540387080028347,-0.40878810813964667
0.6715116624131607,-0.4622178657697169,0.5670336977236703,-0.1178962147493394,0.5602900438432671,-0.13519414581609998,-0.6686453827569777,0.6639720587765937,0.34426621217320375,0.6632714905238474,-0.026321287547533833,0.7297915325642579,0.4674602327804374,-0.3605595412253225,0.0034197857742955563,-0.16492242624638462,0.9679765717742403,0.1892359767128148,0.6003583911121002,0.24545107450775966,-0.40860586471610266
0.6739817925278092,-0.46280508408190535,0.564137418120143,-0.11536451345921282,0.5574959624222843,-0.1349793675256845,-0.6673157370799351,0.6649176743052582,0.3440416160108605,0.6624391288073364,-0.026348690178063874,0.7293955609408359,0.46731382223398826,-0.36082601812761406,0.0029749764344717457,-0.16394563731555498,0.9679629631230913,0.19015961596084496,0.5999644844108077,0.24556972828714774,-0.4086087942868573
0.6751394831867238,-0.4633072369028908,0.5625405051505954,-0.11437334716045124,0.556378317925713,-0.13486452219175216,-0.6668201106542444,0.6652785833808263,0.34430283140232815,0.6619491114707865,-0.02614078434510069,0.7292010811033584,0.4673973036991569,-0.36103041973055944,0.00289856702087499,-0.16355230968426035,0.9679144698152535,0.19074543095032767,0.5997218320423912,0.24555438242375544,-0.4085106366041117
0.6772017657017722,-0.4650962444157418,0.5589626208590983,-0.11244572220899508,0.5530333814094124,-0.1346775761788606,-0.6656536777801539,0.6661284538116305,0.34479380650143077,0.6608756330743528,-0.025169656917683532,0.7292057876988678,0.46738291958918177,-0.3614730244373578,0.0032713623658169977,-0.16268362947564646,0.9678374351879986,0.19186983592430273,0.5990380989512982,0.24556683891528963,-0.408423305979391
0.6792954722692167,-0.4663508357012118,0.5557395245757023,-0.11058092159000808,0.5490666189654293,-0.13464738525907197,-0.6638593807770532,0.6672405072650254,0.3451430978336967,0.6596233367477995,-0.023736071708902184,0.7292447274082254,0.4672543901937891,-0.3620745862051716,0.00389211859469073,-0.1616083057841502,0.9678267359093298,0.1928186095103742,0.5984664136483963,0.24558529835778634,-0.40815254606118284
0.6801142175857411,-0.4671516903819667,0.5543457408024518,-0.10915470152580345,0.5470052511861737,-0.1347076388509068,-0.6628667079002822,0.6678792242072538,0.34537694179705375,0.658875069352893,-0.023146337344212335,0.7292094385187329,0.4672451683684909,-0.3624323418970738,0.004091954876599156,-0.1611422631787427,0.9678174581169459,0.19325060074156125,0.5981403286177568,0.24556060948681915,-0.40807861227100406
0.6821457578993066,-0.4684354407326693,0.5513205731482177,-0.10625925121649941,0.542944185152392,-0.1348808415865371,-0.6611318541904084,0.6689899122184095,0.345753510160782,0.6575839644977447,-0.022143558813604903,0.7290201378863098,0.4668498162233251,-0.3630234749112627,0.004303366834109199,-0.1599959158073561,0.9679049485952601,0.1937596409050745,0.5977291414860735,0.24556020072521473,-0.40808168665712846
0.6832795999040703,-0.4688757083544017,0.5497980775973351,-0.10491249849453857,0.5408575025842078,-0.13486003909321545,-0.6601622115983643,0.6694927800443773,0.3458403969688643,0.6570417750056071,-0.021678173132223196,0.7290919107371692,0.4670933444064246,-0.36329403423756146,0.004316973149312588,-0.15953164377762366,0.9678893520764069,0.19421951630449216,0.59733973808423,0.2455438706294022,-0.4080664737153352
0.6860342507648771,-0.47006258825653136,0.5458527776879747,-0.10219058170578652,0.5364877122880414,-0.13482510917863208,-0.6585926099319163,0.6707941393934297,0.34580932339193177,0.6557680397556733,-0.020479561656546977,0.7293762641539016,0.4668267606023729,-0.36396462885659314,0.004223701063551111,-0.15830974655607638,0.9676921042522747,0.1961942299418648,0.5966086268621071,0.24548374564496,-0.4079055991797025
0.687427869149517,-0.47072874263735964,0.5438319290331046,-0.10051969227836595,0.5341110703255805,-0.13481586982360622,-0.6578371069751112,0.6714765681121363,0.3456302940827074,0.6551829673739274,-0.019854408874200438,0.7294127025365866,0.46660614720997096,-0.3642938286078599,0.004182361394568092,-0.15738912726857898,0.9676679236445028,0.19705319084028342,0.5961393836768377,0.24542472722771552,-0.4079009721666482
0.6907789962036787,-0.4710675674166094,0.5398108578675407,-0.09759079393234987,0.5294384855261491,-0.13453932254294296,-0.6557379193522014,0.6727334383081474,0.3456036943150301,0.6539404750780039,-0.018699265029827838,0.7296237210717932,0.4665390503476378,-0.365050762773645,0.004833024647638355,-0.15575979004520943,0.967875110356028,0.19731523111796082,0.5955538015106977,0.24538134091687533,-0.40752847544960635
0.6938633128597518,-0.47172728188834656,0.5357252736122103,-0.0950026620818869,0.5248176557491965,-0.134204816405162,-0.6538015259409591,0.673904512235638,0.34571148985233013,0.6527092592204143,-0.017518478828572676,0.729853491832386,0.4663299301919483,-0.3655567765603765,0.005819014856994934,-0.15474264712654306,0.9681113901129855,0.19692939993781283,0.5951569979136777,0.24530337717513184,-0.40743979309521416
0.6954636489383014,-0.4721317799218012,0.5334663519929368,-0.09399758871717485,0.5224112497043013,-0.13401325429741529,-0.6529217086475617,0.6745117794165136,0.34577011115215134,0.6520709322189736,-0.016744820610445757,0.7299129978879643,0.4661471896531968,-0.3660849806168092,0.006023955934251169,-0.15404171677779827,0.9682071501576056,0.19700196910370857,0.5948123938462783,0.2452202045097237,-0.4073908942992727
0.6978442021528038,-0.47341639497443294,0.5296038755589526,-0.0917067144982628,0.5174481538168269,-0.13392245396329824,-0.65036391265289,0.6757796923389904,0.34576401351203795,0.6507971846486323,-0.01523413389991867,0.7301883481060079,0.46580032701657426,-0.36692974312015836,0.005277319052734576,-0.15212799825392603,0.9677721923057134,0.20061457038476138,0.5940179836829808,0.24514026028091282,-0.407289697153261
0.6992218412541724,-0.47407934678871944,0.5274186573006604,-0.09037228332112984,0.5148848332797887,-0.13384166149953314,-0.6492216533728418,0.6764398639072563,0.345757840402153,0.6501320771975286,-0.014453667921975003,0.7303081910051218,0.46569212128896337,-0.3673390034567149,0.004491145445642028,-0.15134917433400608,0.9675368076615273,0.20235064334254418,0.5937410920868295,0.2451878588900889,-0.4072795661317168
0.7017584524165879,-0.4756297655697263,0.523210824888239,-0.08695880223261726,0.5096664836933927,-0.13411222404981754,-0.6470745074521711,0.6777086773061902,0.3455099830843573,0.6489727851654529,-0.012966279633586455,0.7305873867645868,0.4652986230093008,-0.3680476527724537,0.004441087634623473,-0.14911711004133596,0.9676344358433475,0.20353860273586505,0.5933691546209026,0.24521508100790623,-0.40723882165099057
0.7048303268436168,-0.47635158621259793,0.5191326367384348,-0.08249049731491993,0.504444516001264,-0.1343375895337885,-0.6445850195364997,0.6788665363848206,0.34550634218561044,0.6477856752004125,-0.011803062803466689,0.731006391064634,0.46518291109660215,-0.3690525955298378,0.005571111068762621,-0.14764402670937757,0.9677236373818928,0.20415965750083653,0.592957439256172,0.24515647036441807,-0.4070680491865916
0.7066477228001172,-0.4761856474407764,0.5171772337500159,-0.08014944743102496,0.5018141205756236,-0.13412466999276482,-0.6432175743129831,0.679438548177325,0.34551696751382677,0.6471928624048205,-0.011076247694645325,0.7311003872491795,0.4650789606120107,-0.3694798671956577,0.006146703415092998,-0.14691535480492768,0.9677546766463286,0.20452134946950903,0.5925831273177515,0.24514696151433077,-0.4069336631321775
0.7101362190215041,-0.4760116245521287,0.5131633134726015,-0.0760453642959649,0.49653399739569715,-0.13379005496477897,-0.6404622461524899,0.6806781183884076,0.34537263422611114,0.6459940933621147,-0.009309888087058021,0.7314663334283704,0.4645843049920336,-0.37020652217564887,0.006615975489463658,-0.14557205074193894,0.9678680828654661,0.2049301858717661,0.5917534228683575,0.24517076517094966,-0.40666888764750475
0.7119085750713515,-0.4760091310338577,0.510888600324011,-0.07479522692821026,0.49376941548047937,-0.13328711981667352,-0.6389304149999238,0.6812083455332203,0.3452387034323846,0.6455188634772334,-0.008415730703843589,0.7317978914475349,0.46445027193186605,-0.37064755219259055,0.006924158522456213,-0.14501245890255357,0.96795180697392,0.2049213072565032,0.5912946060883966,0.24513760012082894,-0.40661164472211786
0.7151930154937755,-0.4769482210046941,0.5057276832613496,-0.07251796641168098,0.4880855789380051,-0.13273560054697872,-0.6364800410050486,0.6824107741250413,0.3445191163498757,0.6446472189102564,-0.00721643809887245,0.7320569893296792,0.4641291491440085,-0.3711483241368588,0.008297341028664187,-0.1438157927433859,0.9678233326704538,0.2063157013610497,0.5906950054081503,0.24499555097061373,-0.4062528289655977
0.7170112438139318,-0.4775262427095968,0.5027589703571815,-0.07139314738432748,0.4847902768076549,-0.1323771098438213,-0.6350686136957616,0.6832389684830636,0.3440528368601516,0.6440239398677616,-0.006732181807325275,0.7322534875811698,0.46389399082743743,-0.37159976577739806,0.008901239257474302,-0.14287117500668087,0.9676449062113729,0.20777856187555785,0.5902722235309068,0.2449622311477069,-0.40612118229963695
0.7201600161277606,-0.47952089600246345,0.49673395886637034,-0.06844439770208591,0.4785781189348174,-0.1322985930867463,-0.6327349998328986,0.6847238014217404,0.3437284099760177,0.6426315981497823,-0.005359571006740181,0.7325162509566872,0.4635271373511739,-0.37251065464302474,0.00896197181366927,-0.14095717638624733,0.9673115836563637,0.21061590065957708,0.589684835302842,0.24490913406103965,-0.4058046899752669
0.7235238892755693,-0.4806757462372533,0.49114827893747126,-0.06509513594404114,0.4724272403184719,-0.13190429571634338,-0.6295694441117726,0.6859208025538969,0.34399559004453206,0.6412224168468771,-0.0036740695124215456,0.7325614436286266,0.46323679414473873,-0.37320382911312533,0.009640063139839148,-0.1392904176225703,0.9672245926541432,0.21208921732661667,0.5892359860392792,0.24491507939395493,-0.4056774130193028
0.7253705201254401,-0.4809492532703946,0.48837702711315484,-0.06335064087848587,0.46948487066909816,-0.1316210032763169,-0.6282357374026859,0.6866359476801092,0.34421193058555605,0.6403447698833313,-0.0027924682748707266,0.7328569678122255,0.463118706436062,-0.3735596359740147,0.010256361350924026,-0.13854288521029812,0.967121527562489,0.21301790285007374,0.5889572455824115,0.24491645023103142,-0.40554932814251415
0.7294049550105188,-0.48157164866332325,0.48222422909240187,-0.059303892671820124,0.4631214448433807,-0.13099618516750097,-0.6249003670108052,0.688310489156767,0.3440947096331094,0.6386128437076087,-0.0010663821826797822,0.7337570244997121,0.4625710431001813,-0.3745105349819863,0.011667651982594965,-0.13718685041883208,0.9668794318423688,0.21491346688737764,0.5884906469982126,0.24495896359999733,-0.40537328867600986
0.7334740099067397,-0.48237823570661154,0.47575150469740785,-0.05465912811285096,0.45678828755447454,-0.13034918746169286,-0.6220033783634952,0.6898809062751248,0.3437674987073293,0.6370935522980903,2.1819651528677E-4,0.7341908355339068,0.4622451699159555,-0.375306114912751,0.012546248031911567,-0.1356647121577798,0.9667179449739411,0.21655043846833583,0.5878493129252977,0.24487225881302283,-0.40504786265876735
0.7354142204537387,-0.48280309531332943,0.47264585507862167,-0.05170097859118907,0.45316219998478346,-0.13041672105199104,-0.6201442416693206,0.6907189327548974,0.3434754976935576,0.6363422981851105,6.464971695597892E-4,0.7344523377671168,0.4620937332666193,-0.37566436779789925,0.012964218489101287,-0.13494022199761102,0.9666304525597079,0.217367508405503,0.5876101097694666,0.24487642055276598,-0.40488920144836976
0.739421794724582,-0.4834105951998137,0.46631304772756943,-0.046062429960496316,0.44618479357767826,-0.13029384586091508,-0.6164334221063903,0.6924957837165643,0.3426077987094747,0.634874826945896,0.0018546990721020758,0.7351120139887057,0.46151879289650005,-0.37648729447576346,0.013952294897435623,-0.13321815488778094,0.9663952056873175,0.21940502068083503,0.586951650921765,0.24487997504485587,-0.40462853034351
0.7415612912601917,-0.4836201561804018,0.46296640880341894,-0.04313351550971101,0.4426863227264033,-0.129991178843442,-0.6145801674390257,0.6934205915721573,0.34225565043026895,0.6340527794001892,0.0024547641776687347,0.7354807053136297,0.4611688092991405,-0.3769866456909552,0.014862646963908405,-0.1326928522183262,0.9662219671553681,0.2204241794400119,0.5867116596309553,0.24485544901774112,-0.40447045204396637
0.7451969111817414,-0.4847290680945687,0.45645036633536573,-0.037045339540532296,0.4352720124374135,-0.13020306628153436,-0.6102651253391238,0.6952048728037844,0.34230815247402274,0.6320586077992275,0.004150889856089401,0.7359216639962068,0.46084087663490064,-0.3777573589252078,0.016393310766422146,-0.13165195939424437,0.9658823194390057,0.22241934705618163,0.5860015511017664,0.2448051769334805,-0.40397590237954345
0.7491681747778011,-0.484909015952028,0.4500833887595608,-0.032175072824226957,0.4283459882723878,-0.12966427091571156,-0.6056700768976973,0.6966885937909731,0.3422793057450483,0.6304204727446886,0.006317252932075022,0.7363963414532211,0.46048911751357724,-0.37853141801390205,0.017987251651529645,-0.13007345987424054,0.9657297057954588,0.22388275761787796,0.5855600301279021,0.24484770813245763,-0.40360338669038764
0.7508043798647813,-0.4850588853782587,0.44734392077004026,-0.02990112776385734,0.42489365342786195,-0.1295026722927749,-0.6029670668527741,0.69741479105227,0.34232236115815323,0.6295849647637832,0.007126178219174614,0.7366288535283684,0.4604050372562107,-0.3789410104816094,0.01841733516935437,-0.1292333169789684,0.9656256301469647,0.22478143595757763,0.5857327112480127,0.24497003367086112,-0.40354896463704737
0.7538481052628899,-0.48556487489359473,0.4419085972220587,-0.025623781187617222,0.4182772083699169,-0.1292294793478145,-0.5975314229117252,0.699196876589539,0.34165468190825665,0.6279521563911721,0.008479114415913206,0.7372410148924028,0.4599853674436543,-0.3801947290811381,0.01920199286273698,-0.1276199109350499,0.9655854735910606,0.225807739001471,0.5853826106994394,0.24491927756015255,-0.4033288556820085
0.7551968867814429,-0.48624289442268603,0.4389663147912227,-0.02353899525634181,0.41461586767040237,-0.12926397507674997,-0.5947915420615107,0.700237511970197,0.34107530630368066,0.6270992191999737,0.009035017344868685,0.7378778037062604,0.45936165337009616,-0.3803159989070176,0.019903323192589452,-0.12682219574663917,0.9655576844783204,0.22631470640848064,0.5852012165732602,0.24488545197899184,-0.4032344151122793
0.7594461595062947,-0.48695092948249413,0.43098864412956506,-0.01921228041210672,0.40706004268426155,-0.12870471453450724,-0.5903328506394383,0.7019881171899807,0.3405617039439038,0.6254042053538187,0.009999452817505918,0.7386164297162338,0.45916396274516075,-0.38150894020050236,0.02005816120249049,-0.12525047361803324,0.9656428624050114,0.226812370284095,0.5846740805879453,0.24486419467174467,-0.4030465716759698
0.7614105114825517,-0.4876717800348299,0.4267850455803385,-0.01687580607047175,0.40336003442719864,-0.12862487606693762,-0.588065888752999,0.7027507689171241,0.34061619644135094,0.6245046574200012,0.010765517588345767,0.7389207421251128,0.4591081057911039,-0.3820400424126484,0.020323631479610905,-0.1244983092382784,0.9656164646312211,0.22731468107755992,0.5845476243363011,0.2448223786083173,-0.4029055254156625
0.7653252643705436,-0.48786094157172666,0.4196768514167407,-0.01184406137423074,0.3964169234348794,-0.1285678285060539,-0.5829927484950421,0.7040662441246326,0.3407148372580326,0.6229299816767913,0.01274211460543458,0.7395592295148135,0.4590640564431197,-0.38282250324281336,0.0210906766629482,-0.12259358391368866,0.9652463192697547,0.22983807273227658,0.5842122332944165,0.24470669624011193,-0.40253118725176557
0.7691935080256709,-0.48612311707478617,0.4147157988719841,-0.006038909059414873,0.3897847366006978,-0.12842114158080215,-0.5766540472805288,0.7052808680587166,0.3405205374261095,0.6216213621520068,0.014544512974325702,0.7401379522090153,0.4588589562369302,-0.3835206605349898,0.022120109968800608,-0.12059301684043248,0.9650043869472821,0.23180715734590998,0.5833999727791941,0.24458219250507512,-0.40216565964980455
0.7712017531928562,-0.4847722788603512,0.41259158005684954,-0.003446967797829264,0.38677738196873734,-0.12799959875446099,-0.5732219024426463,0.7058896533274658,0.3401550886997122,0.6211241659689506,0.014801466356293671,0.7404107619112674,0.45882682371582656,-0.3838780667550619,0.02268709766356132,-0.1197628795834462,0.9650428192926521,0.23202263942377394,0.5831294370985625,0.24449915894423244,-0.4019806315257958
0.7745847194068243,-0.48342115909142663,0.40782559834009025,8.813300745397785E-4,0.380350090605932,-0.1277145636571989,-0.5663052562350784,0.7074559656927747,0.3389514912886893,0.6199898264245386,0.015184145973605564,0.7410440714209109,0.4585443601165168,-0.38467844086293645,0.02491914133348001,-0.11849994344486722,0.9650543216643459,0.23239396729634473,0.5824955944449068,0.24435301995617856,-0.40156223786810696
0.7760312990310066,-0.4834669452224687,0.40500095620062765,0.003059620577794368,0.3767332178507134,-0.12783649818186946,-0.5631135233137293,0.7082327521272833,0.33830658874303265,0.6194517585221669,0.015314688735375113,0.7414635102396613,0.4581514599936045,-0.38497399408359634,0.026368640127616874,-0.11791493311686131,0.9649963160606264,0.23277214901118617,0.5822884714318479,0.24427471418014524,-0.4013814445122818
0.7789532825102041,-0.48422124578379583,0.3984099983213973,0.0055715380022779235,0.3700436479801848,-0.12725656874791888,-0.5575789863692644,0.7099762189755648,0.3377449324174604,0.6177397819259233,0.01611492915276829,0.7419858307302201,0.45780327777455,-0.3859514173000489,0.0285636561421213,-0.116571871279194,0.9647778637864128,0.23409141360158317,0.5818622711973725,0.2442733180710694,-0.40115732235592055
0.7807032512520312,-0.4845993343043748,0.39448562239192647,0.006856559072825974,0.3665263936412637,-0.12683122806230848,-0.5548904250131441,0.710677576240773,0.3378559335511205,0.6168530736359942,0.016823683861387308,0.7423057894905014,0.45775144597219414,-0.38640921577854104,0.029024625081991738,-0.11557232029004684,0.9646833391479721,0.23491842220639764,0.5817111380378859,0.24427494882415568,-0.4011283400154404
0.7840764074961316,-0.4854875856788583,0.38654836103470375,0.010312901679825962,0.3599221792032731,-0.12638809614546095,-0.5497928682709469,0.711978687614494,0.33873434405657876,0.6148107575682759,0.018791618281158804,0.742898230332211,0.45778778645373003,-0.3874544606121609,0.029013186869736196,-0.11326988922012406,0.9645414922953386,0.23661757505393352,0.5817056159681208,0.24427341705673014,-0.40096476300338135
0.7855900894100151,-0.48548584762808206,0.38340063897636,0.012476105406987322,0.3566822357598719,-0.1265407090795097,-0.5471550664027424,0.7126946572561054,0.3390093518649579,0.6137946447063323,0.01987760037154625,0.7433035220506256,0.45797626046518153,-0.3878912031088579,0.0291907902207042,-0.11224278302732701,0.964619461405332,0.23676729103205646,0.5816844560787878,0.24418924479462337,-0.4007654713153125
0.7889999242056944,-0.48336453956931014,0.378884362939378,0.016866564865996716,0.3507668187283516,-0.12630167642344867,-0.5401724315814156,0.7139590855856806,0.33902662046975074,0.6122596666464495,0.021481976643152087,0.7442647769286489,0.45790645802134555,-0.3889404349308046,0.030846363042006386,-0.11077022627361224,0.9646152104458968,0.23726768561013875,0.5814695543574933,0.24408141949392723,-0.4005530490887712
0.7929523723318334,-0.48004363937123334,0.3745759578482508,0.02185157464816658,0.3452063578526678,-0.12594983554532302,-0.5335283322418081,0.7153272368975659,0.3382103679177376,0.6110786060066586,0.022441668084193553,0.7450339931923351,0.45772847605355543,-0.3898281361504925,0.03226293219915634,-0.10906214536568258,0.9644760723255866,0.23843333987837662,0.5808546929361258,0.24400306225240642,-0.4002714274724096
0.7951123885312654,-0.4784049270414029,0.3719082625365797,0.024683185443504424,0.342248916995584,-0.12566489198430494,-0.5303753594229633,0.7161117923665297,0.33744741634215386,0.6105657023627912,0.022861870785934338,0.7453941611290285,0.457489138556805,-0.3901681641195935,0.03276667608534656,-0.10820801143276143,0.9644357855617615,0.23891627556102887,0.5806934275692435,0.24401342243556406,-0.4000994033340406
0.7993958825676107,-0.4746970004268281,0.3671787743693909,0.02843814994535557,0.337043933498259,-0.12435566902013993,-0.5237984751444679,0.7178539685800949,0.3364016410531257,0.6090732338500003,0.02343952853780778,0.7462305244872277,0.45712599496005873,-0.39104093597995826,0.03355576513077667,-0.10638805870618057,0.9644616522115327,0.23951891993038726,0.5803771860568698,0.24396981493235834,-0.39971494561611964
0.8038673080160206,-0.47164604220649003,0.36098909732501994,0.032159502273782295,0.3317227719784238,-0.12309760111435061,-0.5179040409162209,0.7192773052806097,0.33597612411226685,0.6075753679647354,0.024746199249168974,0.7469615206249735,0.4568813869793572,-0.39182292622180953,0.03463839588732821,-0.10451107712153464,0.9642361175077765,0.24109401896932003,0.5804225453216678,0.2439232622703849,-0.39961020654933876
0.8057891244407649,-0.4714145879606232,0.35671639056373855,0.035008426044017854,0.32833981940598306,-0.12315097686107342,-0.5160525874693097,0.7200184633331891,0.33592704703052195,0.606690650451663,0.025551637661889906,0.7471050312180414,0.456262497785916,-0.39228379967692356,0.03528712981586759,-0.10361071990743752,0.9640403220561339,0.24216914468925704,0.5803355107722896,0.24390688171883546,-0.3994995076869744
0.8080947373977969,-0.4717370250335913,0.3502866315761841,0.04178935679635841,0.3219472236669482,-0.12466579413971511,-0.5109064809811803,0.7213975251377512,0.3357961482568735,0.6050698497277461,0.02677749972305833,0.7479237748288866,0.4562158853791128,-0.3929424711433299,0.036392697008795855,-0.10150707843784489,0.963545731288063,0.24484997110065435,0.58035790388645,0.24402478089801946,-0.3994362708152732
0.8097753789968203,-0.4695709985039445,0.34918513772706694,0.04285618421061103,0.3200132980437251,-0.12409430412500602,-0.5072951592708012,0.7223775173749462,0.33537003623200007,0.6041249015072869,0.027032657430729728,0.748609702447669,0.4560486087317726,-0.3932947967295394,0.03649590309021499,-0.10039180897054577,0.9632126869633639,0.24659856735607322,0.5803371422815162,0.24421992467283662,-0.3994395404490825
0.8130798930905767,-0.46616804266141854,0.3455689439404416,0.046589145054680176,0.3153045552435099,-0.12357380889359038,-0.5010802132696527,0.7245540587669065,0.3340506259699884,0.6022209913389241,0.027594796687494746,0.7496317812019372,0.45567327763131465,-0.39409753498531847,0.03630931133722565,-0.09824269355284569,0.9627257439602696,0.24937752302451743,0.5802047568728331,0.24434162834066323,-0.3993800379199774
0.8141652964492645,-0.4651562240327088,0.34403294405451995,0.049049879780618616,0.312879353386059,-0.1237793720249711,-0.497268511482688,0.7257546160235662,0.3332475126348979,0.6012017048657862,0.02797932646815729,0.749956427744526,0.45536582845062784,-0.3947628662492295,0.03600383102088728,-0.09728089956185797,0.9626544211409955,0.2500732216570776,0.5797097962465967,0.24431851840570282,-0.39923551635540017
0.8158907199087253,-0.464034157974465,0.34087834562943786,0.052882765441007513,0.3075441676548646,-0.12416094536367908,-0.4904819854798523,0.727948050650446,0.33186999928460903,0.5992394957133763,0.029427298656652015,0.7512417491303561,0.4546894315515809,-0.39513389511554675,0.035999287229243775,-0.09552840696929778,0.962513952417423,0.2512872185024251,0.5793515512356727,0.24433553027267488,-0.3988440227495653
0.8176715884336866,-0.4630095715249941,0.33748959472006856,0.05600074642589231,0.3022008331144251,-0.12425927738342177,-0.4840857348296545,0.7303010874294826,0.3308306715390584,0.5968665056812144,0.031012301820853103,0.7523954264380391,0.4541835591838956,-0.3959978331589605,0.03758266871141225,-0.09406284136841925,0.9622361317352909,0.25266846196019765,0.5791178516444551,0.2444469457782387,-0.3985147205670347
0.8182665159869317,-0.4629609155994848,0.3357949792954074,0.05786908779212031,0.2994516059118935,-0.12459325322551092,-0.48097436307438135,0.7313984530710861,0.3304401601377823,0.5956821446352476,0.032068457650642465,0.7529946025446872,0.4541820545974183,-0.39619576751312835,0.03817341014923051,-0.09334223273467253,0.9620723714695543,0.2534694664069674,0.5789880092392277,0.24446263509302602,-0.3983926798584801
0.8193361829484846,-0.4624007682623695,0.3333346007319575,0.06133345560657907,0.29455963948181524,-0.1248973445615027,-0.4742241744788547,0.7333825728759183,0.3295354767396417,0.5936128295654836,0.03435374720660988,0.7542447379468145,0.4538035990404327,-0.3968990436739881,0.03926406560570723,-0.09211127899270916,0.9617974238628061,0.2547931727603935,0.5790609699883049,0.2444912398425941,-0.3982521146947147
0.8208924546112796,-0.4615564295255903,0.33022989619538,0.06363533597495907,0.28956832278776845,-0.1249104521696691,-0.46837368068550306,0.7355127217254593,0.3282524033245561,0.5915608968584846,0.03642940020979329,0.7558784940370199,0.4534738749624273,-0.39761003237174947,0.039603125544557895,-0.09024618292957212,0.961626566470331,0.2560499278895158,0.5790732334763982,0.2445250571436664,-0.3980814941888677
0.8213303157499571,-0.4619800260991732,0.3284585976691571,0.06407743388037718,0.287017449613675,-0.12477039422829136,-0.46550495982514134,0.7364349246167398,0.32776070226546933,0.5906242452544503,0.03741022283806871,0.7565129195290863,0.45334272230189043,-0.39800335660686714,0.03987404723562985,-0.08952538491403457,0.9614649922198606,0.25686637488917896,0.5789854433893382,0.2445480237422378,-0.39795134226012463
0.8227987221132779,-0.4618397100947178,0.3246884295439698,0.06545050640487586,0.2821666401006967,-0.12464696534136856,-0.4598713397155599,0.7383047259923573,0.3262482576478763,0.5889994879093796,0.03934220636369668,0.7582379569524541,0.4530463705566376,-0.3991147232622597,0.04073010847454081,-0.08784786576686399,0.9610439608723442,0.25887896016218737,0.5787654398584093,0.24466437041417843,-0.39780771729887976
0.8234507468844744,-0.461806884519179,0.32311546754885445,0.06526609760646072,0.27980989739433404,-0.12429676029221913,-0.457050254389604,0.7392157661381636,0.32552594911068344,0.5881951319154791,0.04024169901096108,0.7588761509290105,0.45289021391740786,-0.3994527618623134,0.041360502113420156,-0.08706881978587948,0.9608458902227432,0.2597758740300645,0.5787632500703295,0.24470297073750985,-0.3976812842726128
0.8250739002423001,-0.46115625119648085,0.31967188760807247,0.06631632826430593,0.2745875426370968,-0.12378920278516384,-0.4514073132770992,0.7413158061537453,0.32354687796992826,0.5865560313322594,0.04147668514098584,0.7602145564739561,0.4524501302487388,-0.40048527393535194,0.04316099262470488,-0.08584362413918782,0.9605859048458691,0.2608499958246939,0.5784076002871863,0.24470917017191468,-0.39744102983135
0.8259838399071818,-0.460415849246343,0.3182459299308941,0.06698858154473843,0.2718906804469619,-0.12363403159836867,-0.4487250745782524,0.7423843062771543,0.322520975803209,0.5857189731263097,0.04217874441227045,0.7607704458723459,0.45216915735590546,-0.40090054002436487,0.04375611120914899,-0.08524562825650928,0.9604593331110707,0.2614124232603395,0.5784614600340034,0.24473168221616629,-0.3972341517025865
0.8281054789727894,-0.4574504145464751,0.3166818663585406,0.06850568915189828,0.26740357021511735,-0.1232950565001726,-0.44233782841444425,0.743894556191549,0.32134238500964973,0.5843180251748801,0.043959143765737535,0.761849914426792,0.45194445887912316,-0.4015213382871665,0.04429747977838918,-0.0839545364454578,0.9602893988354023,0.26236165798350375,0.5783591420086798,0.24481291628029972,-0.3970561338441897
0.8294180456672919,-0.45535892418009805,0.3160666320618315,0.06939625197433001,0.26533538790350364,-0.1229272485486722,-0.43917346622008774,0.7445058191588885,0.32081464233462315,0.5837485461646577,0.04501872224873815,0.7624784295215302,0.4518647228809931,-0.4018530935817993,0.04449576378131055,-0.08329196361055423,0.9600859632141675,0.2632822041888515,0.5787125296544374,0.24491443823264955,-0.397141570834903
0.8313800564844337,-0.4522724931091382,0.3146610818612714,0.07242373380790584,0.2604396828519026,-0.12311994039299738,-0.4327732036783893,0.7459619050251918,0.3195659985856832,0.5824161316082538,0.047009131470378974,0.7635700350800503,0.4516796796318548,-0.40269513519536326,0.044358994895881944,-0.08146348009426442,0.9595557023847331,0.26579848570618325,0.5786815954706105,0.2451350305724233,-0.39707750921677964
0.8322106774172253,-0.45126711905572564,0.3136414814256961,0.07356899333960822,0.2580303340175638,-0.1231208474992048,-0.429735670226341,0.7466049862975098,0.3188877965281144,0.5818889864239081,0.04792468194673707,0.7641702034763639,0.45160459453382706,-0.40308383763430616,0.04455526927257498,-0.08048177237444765,0.9593732711385056,0.26672165064073683,0.5786508310864109,0.24524209140324735,-0.39697625963418337
0.8333970409695582,-0.45159532597984603,0.30990382380640924,0.07396386716841666,0.2535208673739814,-0.12227601094070159,-0.4246598838642098,0.7481111828537994,0.3173062969884326,0.5806706144467308,0.04967906499355291,0.7653754058499853,0.45127603722116716,-0.4038974206189082,0.0462220587595839,-0.07906387689748617,0.9592531883755825,0.26729336925042474,0.5783830499359719,0.2452940435931418,-0.3967531205623597
0.8341240143387632,-0.45298860303243027,0.3062904968516996,0.07228129609001956,0.2487958360845796,-0.12140875210541184,-0.41948545850493735,0.7493952908087959,0.31562757584796775,0.5797611697743161,0.05160346402958031,0.7666209308570829,0.45087956675244845,-0.4046243606512167,0.04903311024146739,-0.0792769633122905,0.9592341569771995,0.2667972062752373,0.5784838754449696,0.2449845384814916,-0.39648483984183613
0.8342224413619782,-0.45419071199007416,0.3044865669022978,0.07121549021149154,0.24592498581100186,-0.12120354068029277,-0.4171533614080498,0.7499487807001921,0.3150039755271807,0.5793117108024375,0.052414343986350025,0.7671974022888364,0.45081564031958193,-0.40497781017322954,0.049737967949480225,-0.07941714833915545,0.9590331028803193,0.26734726232688477,0.5784984492404903,0.244982666416795,-0.3964624740764892
0.8344931014033737,-0.4562144272505276,0.3010210960373128,0.06982807328823315,0.24116984033982136,-0.12144013291822617,-0.411805887163929,0.7509944921606415,0.31376040670176825,0.5784496990529836,0.05438405645254584,0.7683963201799138,0.45052639211229817,-0.40565131518536107,0.048110352989493156,-0.07704730932089228,0.9582542128521296,0.27110508961062063,0.5785555251137501,0.24514484252162433,-0.3965545643355847
0.8350330785319622,-0.4560038276219458,0.2999239761299246,0.0694685216050059,0.23901394394687628,-0.1213648942742554,-0.408938486985772,0.7515726522879026,0.3130775709392678,0.5779728952744244,0.05539237524961732,0.7690004315403336,0.450355360255868,-0.4059824728370147,0.04699795650703035,-0.07624251550553553,0.9580040989105145,0.27240854866212355,0.5785686924274328,0.24528431647649726,-0.39664519174549573
0.8370673060960254,-0.4520773976193626,0.30015414694157433,0.06965514841433844,0.23561185615182753,-0.12092957089247099,-0.40231132938234604,0.7527299906544338,0.3118557672703002,0.57695303443604,0.05717287507791046,0.7700927554621577,0.4497702920952895,-0.4068975519937455,0.04708573353935283,-0.07480844893740642,0.9580077444325251,0.27277791566024223,0.5788961804661821,0.24548401222474397,-0.3965859562034167
0.8393843354768611,-0.447993534212147,0.29933303099159153,0.07166217424530892,0.23136298702267757,-0.12083604957941206,-0.39574285001919174,0.7532740691036472,0.31038516676728234,0.5768086011318445,0.05942274587398823,0.7718166819809216,0.44892167534996297,-0.4069176340070822,0.04991231707538876,-0.07471400471979495,0.957971914747791,0.27242685010355977,0.5791208757465995,0.2453464233697906,-0.39642539408226596
0.8406308855602331,-0.4467126912210781,0.297462126377556,0.07282698068149526,0.2291015715081962,-0.12095436089489069,-0.3935477886571517,0.7536895317878092,0.3099014440085807,0.5764257684193344,0.060386407220905984,0.7724035880183279,0.44876472481233487,-0.4072130212571021,0.05071785160915941,-0.07436823758195338,0.9578127402551164,0.27293189511687765,0.5791368057890802,0.24539170956058168,-0.3963515428144777
0.841632506648818,-0.4462393565659525,0.29528567155166524,0.07301734437730556,0.22384402789614213,-0.1210161770035714,-0.3874167505028426,0.7546338761872453,0.30865847119144596,0.575667139247534,0.06216917132255471,0.7736581604436572,0.44864645240452133,-0.4080798028342162,0.05128932910513704,-0.07344184098270001,0.9573394655706587,0.2747305013534215,0.5786779318393747,0.24575221724299598,-0.3961244794451531
0.8418780680766593,-0.44647486193822633,0.2942783791712354,0.07281312863147818,0.22238782714945635,-0.12073371975670637,-0.3851266839719924,0.7551194357703456,0.30790386004546844,0.5753413465511944,0.06302527778307973,0.7742257404959689,0.4483909081200154,-0.40848459553510413,0.05146164966937156,-0.0730255270978411,0.9571823861635659,0.2753558617927206,0.5787923597400422,0.24582218156017216,-0.39604041278334756
0.8416979837787603,-0.44830490067574214,0.2922360007484699,0.07187029984230635,0.21774866409110294,-0.12113422237244541,-0.37927592473013255,0.7558639699505577,0.3066801952799897,0.5748427934214473,0.06459628166572026,0.7752807447412184,0.4481234211460257,-0.40900608057023397,0.05198003998853953,-0.07230627353938812,0.9567578946285824,0.27691913858655476,0.5790169726108239,0.24587391278916454,-0.3960028816584578
0.8414614016312177,-0.4491769699574481,0.29172875123607195,0.0712537362312642,0.21599589842179134,-0.12190588991258772,-0.3758615588667897,0.7561715198939601,0.3060764566734172,0.5746681711580475,0.06540893080741525,0.7757961261439074,0.44796456942154517,-0.4092294955580326,0.05191435769583615,-0.0716104782910276,0.9565372887667153,0.27787272997323903,0.5791093693155922,0.2460096148441121,-0.395997544303241
0.8414566992859233,-0.4492440083261424,0.2922332669218134,0.06877617257527734,0.21311403727889167,-0.12159206778552635,-0.3686706236390743,0.7567640172844098,0.3045526693124167,0.5744912539110858,0.06719890577912205,0.7766895410161246,0.44741916749925975,-0.40948999485158355,0.051306041300578115,-0.07034204424862169,0.9562414831713437,0.2793240283241975,0.5790706193846747,0.24602999776038953,-0.39605257700809327
0.8434572432147427,-0.4467139374299052,0.29046771601491117,0.0682278750038277,0.20887465523883278,-0.12128275580350154,-0.36300572287396754,0.7575153345092089,0.3032818305262693,0.5739570223172056,0.06902163275961519,0.777695274562691,0.4469599168375856,-0.40968243045069336,0.05141730379533456,-0.0698758466234574,0.9562774355335766,0.2792974994846886,0.5791856513245794,0.24616648421227263,-0.3960209792221644
0.8440779500259913,-0.4453455787090838,0.29056474296845475,0.06907865044908834,0.20725664741954677,-0.12175038346448673,-0.3596751525646737,0.7579209335189396,0.3027721134545592,0.5735835803978087,0.06990552300118395,0.7780636518513105,0.44680281783474435,-0.41005402089567444,0.0517545377198758,-0.06980491387207179,0.9562161862593511,0.27946260386738064,0.5793583588544997,0.24620626676111187,-0.39581859674902947
0.84589355241028,-0.4411185470218061,0.29131664828665454,0.0708035019975513,0.20397516896077442,-0.1218058343226723,-0.3530196494069394,0.7586714230766165,0.30198689632850406,0.5728165576662891,0.07143372814099622,0.7793150367448313,0.44667134847647527,-0.41116949249800866,0.05200174458187473,-0.06935235563578747,0.9559042977087784,0.2805940892999995,0.5797893045281088,0.24622790893048224,-0.39583916182660184
0.8463946298511896,-0.4394979143099543,0.2919540437568871,0.07225337507874442,0.20235915417167752,-0.12215294197326987,-0.3495485923648737,0.7589451129121922,0.3016360831347054,0.5725497656452451,0.07214398656456035,0.7797578032590112,0.44658089926075695,-0.4114143662112806,0.05198213250279499,-0.06898281774809994,0.9557694411390018,0.2811476554069673,0.5798523196238727,0.24638009773464623,-0.3959177778631982
0.8466157135502733,-0.4379714672832258,0.29287194685682,0.07515883287968021,0.19908497611354123,-0.12353318266607924,-0.34262520311376654,0.7596625434448833,0.3007755626651142,0.5719165557736028,0.07320064359276066,0.7808202694936819,0.44629987815035105,-0.4117907935894584,0.051654881737720884,-0.06812261229725183,0.955585947110978,0.282040033630823,0.5799667621098263,0.2464101089781719,-0.39598597478735137
0.8472126588015448,-0.43725098333984824,0.29213062234036297,0.07551150790300473,0.19710105705604705,-0.12373856658856484,-0.33962941858817713,0.759959000773473,0.3002456696629529,0.5717228491561432,0.07380947598249994,0.7812293317907192,0.44617042692347736,-0.41201868731061975,0.051116056220564594,-0.06763991730575748,0.9554584142811807,0.2826857070363093,0.5800623419393318,0.24641183551350343,-0.39616719111364296
0.8480520780204139,-0.43729815421738366,0.28996024955863625,0.07416907009812372,0.19367304211141098,-0.12321819221644593,-0.33426372277952837,0.7605670263023099,0.2990603323266867,0.5713680634006384,0.07509495493118822,0.7820762795583546,0.44579547907543826,-0.4122413620342619,0.05034900326545818,-0.066749723750532,0.9553670788790559,0.28334289622911396,0.5801247722726308,0.24635383318950171,-0.3959970934874617
0.8476616016420995,-0.43925481753095547,0.28876645104963344,0.07168647798293092,0.1902339904798046,-0.12314190028217777,-0.32846725635739105,0.7609845423443133,0.2981365198977504,0.5711196086506707,0.0764168465129181,0.7828414489751638,0.4455454956974473,-0.41252376740455077,0.0497200896925684,-0.06631143766670768,0.9552571260272749,0.2839269784463048,0.5799456563745246,0.2463755338635641,-0.39607486534562925
0.8475585679241192,-0.4399421388263037,0.28835326198475686,0.07034049136950772,0.18883509213651722,-0.12295242846299369,-0.3255885872646971,0.7612070483048443,0.29780215946798205,0.5709368687439882,0.07686868891846249,0.7830921512513993,0.44547450788948334,-0.41270699367288716,0.04988139334603215,-0.06607703101529358,0.9550117176383065,0.2847776180523917,0.5799861344175441,0.24634432600226458,-0.3961141806997392
0.8483432511224014,-0.43921391579791885,0.2876008404272315,0.06848810867649235,0.18646494661535654,-0.12223755501559021,-0.3204416365409331,0.7615857510977759,0.29687037630997026,0.5707348251444787,0.07821050288621341,0.7836372762141028,0.44514657115963835,-0.41295097422734145,0.05031634809331144,-0.06583476142042215,0.954808998504903,0.2854362024644612,0.5801093010546233,0.2463203062861407,-0.3961000456295234
0.8488558849659542,-0.4383369756498522,0.28749667797228673,0.06819122004852858,0.18504862696225685,-0.1222861780299727,-0.31755588437942994,0.7617333111349315,0.29641418978429185,0.5706920534062331,0.07881352029260534,0.783936297205282,0.4449980729674044,-0.4130203032724552,0.04987226409307983,-0.06541483530547045,0.9548275281165591,0.2855486791197076,0.580014755712316,0.24626953269559104,-0.39596606987571087
0.8501900822489018,-0.435868931435491,0.28746250478083085,0.0675307855723568,0.18341584825817964,-0.12142682150258931,-0.31248928004757326,0.7620558811454624,0.2954245222465331,0.570700040964612,0.07935142664130665,0.7844433458445496,0.44473564752944206,-0.41306386291321795,0.04939548772982024,-0.06486098757501547,0.9546012429803621,0.28651283563406815,0.5801614028956015,0.24635801167307728,-0.3959942407430102
0.8512577183826306,-0.43400971599130644,0.28699931230353126,0.06802395207897982,0.18083230252699892,-0.12116898773989784,-0.30753807957753715,0.762429348716244,0.29579245058985665,0.5698477515279634,0.08050996502729275,0.7849827056654824,0.44468878376580545,-0.41323558207067473,0.04859462103750997,-0.06438170127583602,0.9544569335272223,0.2872377436703983,0.5802698183503896,0.24647218762086537,-0.3961280087587985
0.8517002525424472,-0.433156790505894,0.28685695381411486,0.06851979791455355,0.17971702541550647,-0.12116431211301266,-0.30509125532142317,0.7625846040831661,0.29565016836080515,0.5696187230185561,0.08118010809464413,0.7854018449473817,0.44458729942189057,-0.4134773375638175,0.04809306508214578,-0.06436842503324582,0.9546956878692505,0.2865308125029532,0.5802625460596852,0.2464230516718914,-0.3960699218644625
0.8530293107101387,-0.43144211966270485,0.28540030184077453,0.06888657459572697,0.17736047168550537,-0.12015343585597321,-0.3009862465548381,0.7631027049189818,0.29525572912134807,0.5690485567208062,0.08174384539720335,0.7859051120555058,0.4445313943987872,-0.413778768289358,0.047855499662709446,-0.06403817713148541,0.9546421182610219,0.28682292283535876,0.5806352406323642,0.24625899307642546,-0.39610950014491747
0.8536342781473601,-0.4305534356822308,0.2849622864958965,0.06876593247453938,0.17644720955002824,-0.12010452800769875,-0.2985709671335339,0.763561164789854,0.29465668182830174,0.5686987745870994,0.08205785313928056,0.7861611278713657,0.44421927275297335,-0.4139769841068587,0.04755821385495467,-0.06360219211329853,0.9543447745613473,0.287956643821185,0.5806750208682232,0.24624630698390268,-0.3961600080520695
0.8540999550440267,-0.4300455904912066,0.2841844704421913,0.06937754429462303,0.1745566930234722,-0.12014513428768706,-0.29415680185162596,0.7641472523129361,0.2936584581423769,0.5683451063213647,0.08262885007422316,0.7866219644905498,0.4437889728917421,-0.4142051634554958,0.04666204408130948,-0.06272693375820736,0.9541315167945263,0.2890000589668176,0.5807346027404698,0.24629338883767948,-0.39617656378519805
0.8543136695982939,-0.4296020525209254,0.2840947639450715,0.0698598275570394,0.1735556480808273,-0.12025652820454963,-0.29232470455656834,0.76418574734704,0.29335032617450413,0.5684126950075706,0.08290197729360019,0.7867758532591862,0.4437283566819165,-0.41422400340125853,0.04636204381656927,-0.06261818001485456,0.9541727283571616,0.28893585600307203,0.5806078803840697,0.2462159637133949,-0.3961473553501574
0.8556161054496605,-0.4282850568703714,0.28227005019148027,0.06940179336009684,0.17184826905251818,-0.11931711921351103,-0.2888318374238222,0.7645148163236292,0.29307097888880684,0.5680173879729612,0.0835628141889585,0.7870126741260164,0.4435846377727985,-0.4143942875051577,0.04670766669764206,-0.06231201514564726,0.9540322718593819,0.2894097975034313,0.5808566118455942,0.24620720522840797,-0.3960983829724932
0.8557956663789353,-0.4285026360401775,0.2812721560871963,0.06989450996832901,0.1692734022224303,-0.11941581357973283,-0.28544849376788967,0.7649448431411545,0.29288252316047353,0.5674484058835423,0.08415177502070904,0.787651963093289,0.4435163705905206,-0.41507114037546383,0.04706468829153358,-0.06179708238120305,0.9538573238249454,0.29003834489719604,0.5810011703448661,0.24632625602443076,-0.39620186504239313
0.8559723761769903,-0.42851183794633785,0.2807525681603886,0.06976310939970473,0.16807903714809613,-0.11927879600385315,-0.2839193935276543,0.7650791359390836,0.2927437576442787,0.5673332590498489,0.08419014958348868,0.7877265545947303,0.44334639528162967,-0.41526990721696466,0.04708060347470878,-0.06158870083445006,0.9538203992057609,0.29020147271325963,0.5810769974963327,0.2463375726503656,-0.396216718076166
0.8563655355634133,-0.4272476586613499,0.2815821293616144,0.06934704097336622,0.1667820148285857,-0.11891660216462645,-0.28064379038151943,0.7653813302287031,0.2927227429650099,0.56693721805289,0.08418435647334568,0.7878794837950299,0.4434702818660486,-0.41567898676849696,0.04639804923518466,-0.06109443087004993,0.9538321276126637,0.29037727851492323,0.5812412835064703,0.24637161344345077,-0.39627314271570224
0.8554289292574656,-0.42556787869655033,0.28674813872907484,0.07006306121313388,0.16606890128040608,-0.11989789835284426,-0.27589602481237246,0.7652997139869714,0.292905468854533,0.5669278122567414,0.0843539553094627,0.7884750565404235,0.44373629053556635,-0.4152102912990607,0.046037467797001304,-0.06032525385584043,0.9538614244468397,0.2904992224745436,0.581343302957894,0.2464288326116154,-0.3964246737473327
0.8552671751167539,-0.42474654823109287,0.2884222255732786,0.07015018694869245,0.165484617922634,-0.12011513194769376,-0.2739488355309001,0.7652689023144035,0.2932853114592717,0.5667836097512684,0.08428269662313767,0.7885911266814974,0.4439770084821362,-0.4152813653070066,0.04587376111686316,-0.05993976396000772,0.9538825380569218,0.2905355853032402,0.5815339238845301,0.2464005645096335,-0.3965259789140433
0.8546800307502287,-0.4239145560748553,0.2915452855295034,0.06942507234541871,0.16417728155416383,-0.12027536846586936,-0.2704258285940253,0.76636025515148,0.2927084043912359,0.5655448870477346,0.08469197162104916,0.7889030768999271,0.443406658229012,-0.41608826986383035,0.0456803460816117,-0.05947312477567955,0.9539611095555206,0.29040395119020096,0.5818594571366587,0.24627682969020198,-0.39639507226108966
0.8545334991623196,-0.4237028721140288,0.29244922363575854,0.06871554821557462,0.16392073558894818,-0.1203985773786034,-0.26866053338744045,0.7665608630545481,0.2925526872407818,0.5652755376427592,0.08521111995481195,0.7890409263135104,0.44317157096697696,-0.41624288992839176,0.045584681972091264,-0.059242570735193005,0.9539651510356815,0.2904528278252053,0.5818383096180967,0.2462302408042469,-0.3962804329078622
0.8549433548775486,-0.42261759216780537,0.2933002905810126,0.06664210595488475,0.16300493666192648,-0.11980358933722253,-0.26591778216642675,0.7664209657728739,0.29298537145423226,0.5652110849450201,0.0854102148040489,0.7890584372015419,0.443321005151309,-0.4162965499136729,0.04608964795685919,-0.05876483905000667,0.9540371854688645,0.2902335038986488,0.5819756933653968,0.2462156480368462,-0.3962476203070738
0.8551831888614011,-0.4224929496013463,0.29349990296650874,0.0633973815283394,0.16250324780042394,-0.11905548780320435,-0.26381724942992807,0.7664259722425317,0.29289223166852085,0.5652394393793735,0.08549705182294333,0.7892167199457675,0.4433653242908412,-0.41642353052859726,0.04647594071547906,-0.05840381447296698,0.9540212318185931,0.2902972108528651,0.5820099003505861,0.24625644997437832,-0.3962976559160129
0.8547436183793096,-0.42329219819606617,0.2939178004690123,0.062043439247396484,0.16207987299451496,-0.11922734551323853,-0.2626219428903165,0.7666034402592664,0.29263426619015226,0.5651361262289493,0.08547227892682847,0.7892921496985638,0.44329774490387197,-0.41658245700320473,0.04636983815056182,-0.05803589747936832,0.9539423974417319,0.290646821893472,0.5820224127990643,0.2462592255053869,-0.3962814490930432
0.8544802305330101,-0.4246575004197127,0.2932781048576788,0.05930848317588531,0.16133173103193818,-0.11867393879442037,-0.2611360369188449,0.7670893428850769,0.29213356674163127,0.5647598311218259,0.08531267412407383,0.7895467334621964,0.443233422902157,-0.417188793122475,0.04583422904454349,-0.05728699686883593,0.9538425303863174,0.29120757315679385,0.5820362457854645,0.24626291313359577,-0.3962931687472908
0.8540008780302686,-0.42570717066371366,0.29331289578124664,0.0585102583949652,0.16100784168952575,-0.1188773697796229,-0.2602233772430514,0.7671590871570706,0.2922344955464845,0.5646073067367927,0.08534942169954682,0.7898815615554738,0.44322873687169,-0.4173549774830498,0.045794093821833276,-0.057075789345660065,0.9539542439294048,0.2908892499400496,0.5820446247708398,0.24624927661634094,-0.3963066896517023
0.85353992208407,-0.4260957367677167,0.29425203864164445,0.05768675993963053,0.160659927673572,-0.11923203816071362,-0.25807782346407926,0.7669202154438797,0.29278919651916835,0.5645482803053671,0.08598318876050991,0.7899350161220612,0.44333026972442796,-0.41734429362980485,0.04578653312420533,-0.056635339477591314,0.9542132202675024,0.2901261139116003,0.5821127573831766,0.24634160019976162,-0.39639936200891696
0.8535242406976276,-0.4255497452394265,0.29515074623470894,0.05735696875961872,0.1609006692310261,-0.11925701436270959,-0.25691249418900314,0.7668713136599398,0.2929564016893434,0.5645016847537677,0.0861555738467809,0.7900084893491703,0.44335633637130034,-0.4174298568629068,0.04592329315414235,-0.05646718100857214,0.9541815695500171,0.2902413494764141,0.5821847677329454,0.24634510003467427,-0.3964081785506818
0.8546286627058625,-0.4232276208584973,0.29541839401227493,0.056711571158394244,0.16093087296021616,-0.11854147501769668,-0.25549000826057616,0.7669131581211527,0.29300444842734685,0.5643903916694869,0.08634863573670151,0.7901530155220822,0.44349751896084966,-0.4174548962898768,0.04626383984723075,-0.05591104855091701,0.9541155510268733,0.29051183635303524,0.5824282090415194,0.2464401197445018,-0.3966924674500362
0.8550948163776891,-0.42091798444691153,0.29737144966769685,0.056666800648069254,0.16156875826756095,-0.11854027387042848,-0.25356633473459017,0.7673023782298367,0.29266225481620295,0.5640573056267787,0.08622772719833954,0.7902622035856056,0.4433522076280427,-0.41782881001673794,0.04596573572566963,-0.05548370321309395,0.9542567725945098,0.29017705246016473,0.5824666771142439,0.2464750965139221,-0.39679040009662564
0.8550815548854853,-0.41995946486098956,0.29869083773905536,0.057038283801614464,0.16158305860217784,-0.11870254182147232,-0.2523483014125479,0.7672438792686179,0.292647343722263,0.5641353658165816,0.08628818558839792,0.7899699094634969,0.44340131403574784,-0.41777744104321723,0.045616165579214676,-0.05512891198393746,0.954372909829479,0.2899177771109078,0.5824715979467893,0.246647018602876,-0.39670761676135613
0.8558043237811283,-0.41850544434836134,0.29865064566908694,0.057095921831110084,0.16167432735690743,-0.11815110280955474,-0.2516546490137548,0.7673726083809101,0.2929330925485751,0.5637514772995363,0.08668191875585497,0.7898889208508603,0.4434864268876249,-0.4183374833845746,0.04567134352339573,-0.054537349833301246,0.9543616508590635,0.29005800320537783,0.5825222607607494,0.24669580348937767,-0.39673186528394155
0.8556700598648396,-0.418681889289712,0.29878109243353124,0.05713215413342162,0.16165055724599994,-0.11824021744579843,-0.251128338089149,0.7674745624042029,0.29321242520900614,0.563450140955555,0.0867940575310059,0.789885537019989,0.4435462823950985,-0.4185624599507003,0.045591597784435806,-0.054431185839805926,0.954284084893324,0.2903455485087483,0.5829617837106068,0.2466838347972805,-0.39691809762515107
0.8544983972312551,-0.42022708685074034,0.3000320910854303,0.05676644189184763,0.16185125796994243,-0.11865378196837167,-0.24985944008400238,0.7676251471352846,0.29373404562670624,0.5629046106977844,0.08723728090946369,0.7898767878953787,0.44357152723467325,-0.41892688263610417,0.045891550486596634,-0.05396003542437366,0.9544910522269681,0.289705214639971,0.5831303339310414,0.24661050812497323,-0.3969507688399254
0.8541774444451868,-0.42117195816348174,0.29999697109560886,0.05474387994368566,0.1617584875828364,-0.1179564271244269,-0.24930198292175007,0.7675303780684476,0.2941994904441064,0.5627826002928861,0.08728988126989162,0.7898103846857226,0.44381068624723385,-0.41866968763773976,0.046182315233114946,-0.053859635649278446,0.9546765442857719,0.2890657869724695,0.5832339594197365,0.2466100225472391,-0.3970180388871086
0.8543187352426129,-0.4212810278279166,0.29957459841732287,0.054007908576578646,0.16164279090995243,-0.11748747361951424,-0.2493252538263724,0.7675115212413586,0.2943822913336562,0.562733150851428,0.08715808765539827,0.78976513301302,0.44393358931248045,-0.4187547626036209,0.046040561902564316,-0.053806308814266825,0.9547192629298905,0.2889572231007325,0.5831454287661904,0.24655256753235133,-0.39690957919740205
0.8539726720409397,-0.42132726201964377,0.300571626230119,0.053579018203672196,0.16174314911004917,-0.11765926411741702,-0.2485735158912542,0.76754913723475,0.2943457442751699,0.5627490517740169,0.0868470464940077,0.7896571951082065,0.4440229608186082,-0.41887649257238857,0.045589548819518655,-0.05335572708234856,0.9548422436311552,0.28870581775116405,0.5829977810616939,0.24660774888120396,-0.3970029940947769
0.8535230003963035,-0.4197283738082122,0.3040345153231893,0.05375493937303548,0.16266242567447312,-0.11786888774572767,-0.24700472373711363,0.767559170376532,0.2943823165852508,0.5627677707125182,0.08651247251150464,0.7897137265777823,0.4442264241800312,-0.4193897828637486,0.045358930070620015,-0.05292151389482025,0.9549595922462533,0.2884338017757258,0.5830271622481233,0.24669394553167476,-0.39712280085681406
0.853860130805051,-0.41851504605813244,0.3046810602619976,0.05419856789773707,0.16255478304645604,-0.11763331279076847,-0.24672501527608243,0.7675284106260113,0.2945303649047603,0.5627500309217415,0.08639679235108645,0.7896286759285962,0.4443380899782277,-0.41947772962300656,0.04529628133960185,-0.05285636542640111,0.9550064572735608,0.2883003955885545,0.5830326133671975,0.2466985310125853,-0.3971794245661401
0.8529229035819802,-0.4186511731181244,0.30667256511456786,0.05661849166265179,0.16212912839665758,-0.11898577198420164,-0.24658731104537768,0.7675740925679334,0.29485835071179867,0.5625227461323751,0.08635233359743695,0.7894562894454863,0.4444393276808159,-0.4197074334374784,0.04451555623331777,-0.051915651489274815,0.9550381282465835,0.2884879615840923,0.5827048951355259,0.24676450780240522,-0.39736597433376086
0.8523030402921623,-0.4191902362901525,0.3076155303621742,0.056848560120210063,0.162148373470777,-0.11933620410469335,-0.24645980309975496,0.7675964307772104,0.29519488010531814,0.5623203107801212,0.08632247854320353,0.78935091444166,0.44451511503945473,-0.41986266053484006,0.04429422744913046,-0.05147112756371858,0.9551809671361751,0.28812855544497046,0.582754819578597,0.24672652197939093,-0.39729971777088674
0.8510949073081308,-0.41974030420984426,0.31060981939278287,0.05456258674929658,0.16275446372823296,-0.11914391239089973,-0.24495621790802535,0.767622019184225,0.2959484147243848,0.5618865492455047,0.08633931469866998,0.7890318987447402,0.44462021120079953,-0.4198476128968933,0.04445647846305152,-0.05104487411204973,0.955839113628692,0.2859888655298763,0.5829135529220703,0.2466890643125478,-0.3973780964341586
0.8501804885873445,-0.42150130958948634,0.3110944986590724,0.05244040182714613,0.16279614808433945,-0.11874691721530475,-0.24495820761662587,0.7675498574454043,0.29626782354006476,0.5618120632881977,0.0863701257046146,0.7889334745982667,0.444671487226984,-0.4198851638779234,0.04577035791691522,-0.051853647058321295,0.9562447954003509,0.2842748052372029,0.5830857639286253,0.24660367148955561,-0.39727896977873445
0.8505454710676801,-0.42289643138530447,0.3089934306529587,0.04747704478111214,0.16268794557267996,-0.11707609107080266,-0.2464684788681122,0.7675223695484176,0.29675306597760814,0.5616078106081449,0.08627686329253022,0.7887970868365742,0.44523859227177665,-0.4198721840464637,0.04633297777099757,-0.05218255059283085,0.9560481973278577,0.2847842709326705,0.583093349066153,0.2465071462980761,-0.3972784122865066
0.8508233647998309,-0.42280692864189184,0.3087750135633812,0.04463063972247731,0.16305060971151714,-0.11536679870590931,-0.24704412552524105,0.7674381397721944,0.2970250495974893,0.5616125244252216,0.08605924670442186,0.7887828246156193,0.4453497655258992,-0.4199201944821217,0.04583004625410741,-0.051892302334763565,0.955933836369008,0.2853021140888632,0.583028820425225,0.24659697476738285,-0.39729310572389626
0.8504714019281826,-0.4230485590256338,0.3098267774504306,0.041661483210851294,0.16351367764514688,-0.1141808742865784,-0.24667612398977307,0.7672884281390161,0.2973400320771268,0.5617358887501297,0.08549950092505239,0.7886726497641511,0.44558232899408834,-0.4201292107012993,0.044737792039663875,-0.051366007042397466,0.9559754378570289,0.2854312973343987,0.5834833882586743,0.24678187040711602,-0.3976542953927867
0.850086512697574,-0.4220801738003516,0.31212343889801186,0.04219249583541536,0.16373130793663804,-0.1145063530578907,-0.24635739539806337,0.7670144153093927,0.297672915605603,0.5620148688303364,0.08496475290418767,0.7883325168347125,0.44568770845921074,-0.42011450466138495,0.04416212711760851,-0.05081308723588846,0.9563775017266731,0.28427066483380564,0.5838151778887657,0.24666329972562454,-0.3976322522133166
0.8504808475369889,-0.4209661472522839,0.3125739184717133,0.042040175208626386,0.16391001528885904,-0.11417954036780917,-0.2464259595783274,0.7668809874129499,0.2981048869113389,0.5619985520313445,0.08476234458053258,0.788334739528147,0.44602926011579025,-0.42025383965084484,0.04460726466216019,-0.05103225776872256,0.9567089381505048,0.28304400412183345,0.5840842298183552,0.24656532036376316,-0.39768789835634716
0.8508852362492306,-0.41984742952398885,0.31299820449336074,0.041887643036132245,0.16386000760630598,-0.113951695732654,-0.24696907387084463,0.7663784822897557,0.29894184327665446,0.5623122928728896,0.08427740803821901,0.7882083381254638,0.4465242914410583,-0.420178005313004,0.04546668030412676,-0.0510372770051718,0.9567431440039615,0.28279061819557344,0.5841633088753185,0.246704968210582,-0.39772712871012506
0.8505855904165881,-0.4197468708156212,0.31394257925574254,0.041913896817289714,0.1643090919094307,-0.11325626182187898,-0.2468147126483146,0.7662410368955703,0.2992691807934674,0.5623485416709876,0.08412341222823512,0.7880671812247434,0.4467954751517003,-0.4200285303273045,0.04561833435938462,-0.050875162715780214,0.9567234500779318,0.2828620254822081,0.584119641052461,0.24684721044650715,-0.39770836845437624
0.849834929638395,-0.419238757111822,0.3167043157158453,0.041446752693028506,0.1644605616926052,-0.11364511957865156,-0.24621856667091435,0.7660864732330369,0.2996323215425543,0.5623670266372375,0.08411489028453599,0.7877290857540312,0.44675071573896213,-0.4201651242210143,0.04487706187944465,-0.05054130582801652,0.9567217219575674,0.2830462373125888,0.5838130152527624,0.24705632192332544,-0.3979080816683158
0.8488655304097724,-0.41906390025290136,0.3194321500600656,0.04214095745193479,0.1647545244312232,-0.11449265923864613,-0.24581341425160091,0.7659591591909579,0.2996843095274756,0.5625455709145196,0.0838949445376673,0.7876122441452307,0.44689857968840707,-0.4200917986151575,0.043895594626709986,-0.05024501181515358,0.9567630327421244,0.2831132542608265,0.5840262017003012,0.2471746766599777,-0.397850526480554
0.8486094765429762,-0.4189947142121313,0.3201142479384805,0.04280483676561788,0.1646656181698984,-0.11481200630584032,-0.2458347769983593,0.7659525091074559,0.29963230817972125,0.5626230372544181,0.08362147832643728,0.7874296485207513,0.4470149554804132,-0.4200755252181196,0.04349005612871575,-0.049949690810093324,0.9567457461105967,0.28328646403450874,0.5840573692523561,0.24729276804226102,-0.3978802261264692
0.8489145827774952,-0.4172264553208625,0.3214592885051524,0.04393224285033498,0.16484033849085844,-0.11470024716966397,-0.2456056133532928,0.76607459295002,0.29975571145461866,0.5624476596842617,0.08323978377250774,0.7875685270854684,0.44723512441290886,-0.420535650829875,0.0435979660280613,-0.049642715504158615,0.9567775234598245,0.28321650509402563,0.5843223946760981,0.24754752858346804,-0.39793469078722216
0.8491844421376888,-0.4161409340315873,0.3220997954605069,0.044319612125106204,0.1651030493333885,-0.11469155750497968,-0.24561058493256577,0.7659862071651672,0.30017536254738175,0.5623386368421355,0.08327748595387785,0.7876147767891882,0.44746362313332533,-0.4204062567873982,0.04373126664904044,-0.049510815553422946,0.9567967135610893,0.283154206006558,0.5844044654629489,0.24767973824338874,-0.3979812541143443
0.8501622929682643,-0.4138064682474626,0.32240255553007774,0.04522029012711144,0.16557679606650022,-0.11426292160917402,-0.24591832011984596,0.7658866198684475,0.30095195212209774,0.5620227681373532,0.08352254854594456,0.7876115804084466,0.4478158662824894,-0.4205523040582619,0.04471658069312075,-0.049892202755487884,0.9569026286888809,0.2825748656969169,0.5843656596368407,0.24785129896371416,-0.39792419474250285
0.8506390217108124,-0.4132527271325605,0.3218606474333526,0.045179219716108894,0.16554504403237152,-0.11390997385964466,-0.24619100498659457,0.765845534761242,0.3011976389978347,0.5619037835840545,0.08381370497908813,0.7876217379367902,0.44793234422196454,-0.4206099318794855,0.045052574950988675,-0.050076044710905224,0.9569287972811841,0.28240030483408396,0.5845504679784442,0.24795830446050982,-0.3977237154092333
0.851306806787201,-0.4131100797418809,0.32033068497179173,0.04477761716459522,0.16605838158967,-0.11334881063323435,-0.24727887532999385,0.7659635419045122,0.3010646927257356,0.561763708953628,0.08415128382690586,0.7876432261560928,0.4479715978333438,-0.42078195802359586,0.04560006831744626,-0.050222485839646634,0.9568369508126492,0.28259756765599153,0.5846494519370624,0.24820358033865003,-0.39788828666073045
0.8519628808191191,-0.4127927872932491,0.3191122156310767,0.043917630856901764,0.16613710294761727,-0.11266097495140473,-0.24795331965067444,0.7660242125437472,0.30099724318541554,0.561719136101167,0.08413784837556941,0.7877296586202889,0.44827113493451626,-0.4209184218221863,0.045885819211489196,-0.05017656204377863,0.9567877160910435,0.2827261405566206,0.5846789679603186,0.24834121423235142,-0.3979119904156384